---code---
//uva10038
#include <iostream>
#include <vector>
#include <algorithm>

using namespace std;

int main() {
	bool isJolly;
	int dataNum, *data;
	vector<int> minus;

	while(cin >> dataNum) {	// 紀錄序列長度
		// 初始化
		data = new int [dataNum];
		minus.clear();
		isJolly = true;

		// 紀錄整數序列
		for(int d = 0; d < dataNum; d++)
			cin >> data[d];

		// 計算相鄰二數之差值
		for(int i = 1; i < dataNum; i++)
			minus.push_back(abs(data[i] - data[i - 1]));

		// 排序
		sort(minus.begin(), minus.end());

		// 判斷是否為 Jolly jumper
		for(int i = 0; i < minus.size() && isJolly; i++)
			if(minus[i] != i + 1)
				isJolly = false;

		// 輸出判斷結果
		if(isJolly)
			cout << "Jolly" << endl;
		else
			cout << "Not jolly" << endl;

		// 釋放記憶體
		delete [] data;
	}

	return 0;
}
---dataAInput---
10 8 -1 -1 5 -4 10 6 -8 -5 6
10 -18 -21 -13 -14 -8 -12 -14 -5 2 7
10 -18 -21 -13 -14 -8 -12 -14 -8 -1 4
20 -12 13 0 -4 3 11 -10 -18 15 -11 20 -12 -14 16 2 -12 -17 18 -2 17
20 -16 -15 -17 -20 -16 -11 -5 2 10 1 11 0 -12 -25 -11 4 -12 5 23 4
20 -9 -23 -32 -29 -22 -21 -37 -48 -33 -46 -63 -59 -78 -70 -88 -90 -85 -91 -81 -93
30 24 1 -29 12 -22 7 13 -20 16 0 -2 -7 19 9 21 -10 -9 -5 12 -18 2 -15 -15 15 26 7 -21 -3 -22 -22
30 -14 -13 -11 -8 -4 1 -5 2 -6 3 -7 4 -8 5 -9 6 -10 7 -11 8 -12 9 -13 10 -14 11 -15 12 -16 13
30 -9 -2 18 5 -14 1 -5 -1 7 -14 12 7 -21 4 -19 -8 9 0 -2 22 -5 5 -24 -8 4 -18 -17 1 -13 -10
2 3 3
2 6 7
3000 768 16 -1343 2650 -753 309 -1494 1909 473 2191 -2034 -2549 672 -2280 -132 -345 -725 -484 597 1024 1246 1465 2752 1635 -2935 1328 2619 -269 1087 1979 106 525 -2445 30 165 2088 2058 -638 -2675 1376 1464 516 -1786 -2237 1620 -1571 -243 -197 -692 -955 2040 -1790 2778 705 -1188 1686 -1626 299 1037 -2244 2192 -879 -1912 -1560 -1290 1085 1877 971 395 388 315 -1348 -1855 2854 -2453 428 -2100 -1606 1696 -2532 2366 -2104 2512 1509 -2334 -2045 2783 -1689 -706 485 -1477 141 -2333 225 -1484 -2747 1139 2859 -2999 2622 -215 -2862 461 -1157 -1135 -390 -2655 -2273 -2805 -1140 1000 -736 1600 2885 -958 -1818 2189 -189 -1275 -2526 -1431 -204 -1752 -521 231 -476 116 -509 -2437 -2658 -604 -1360 -2662 2761 1466 -2274 2368 1862 -2923 -2813 1596 -1291 -742 -1555 -4 177 2619 -2899 -730 1922 1990 347 -1484 713 -2027 -858 -1540 -227 -884 1157 -1128 743 1321 -809 318 -644 1091 -342 -2668 -987 2965 445 757 -2744 -1748 -2381 -2018 -1607 1459 2163 2739 -745 -798 1286 -462 -2941 -849 1197 991 135 -217 2494 -2851 2924 1704 -697 2667 2748 362 -2445 2265 1475 -2351 2378 -2373 912 343 2982 343 -1676 2733 2677 2915 -2325 1614 1890 -2985 -2870 1508 937 -1901 -1488 -2076 2474 -420 -361 -2328 1810 -697 -2735 1727 -2649 2570 -2227 -184 -27 2115 590 -1933 2627 -1755 -2872 -2073 -131 -2692 -2336 1113 -2437 -1823 -667 1648 80 -2959 -2812 2711 1424 369 1626 -1535 -526 1124 2501 -2292 2062 -683 2709 1793 -2101 -1174 7 674 2798 -367 1476 311 2082 -1346 -2135 938 130 2722 504 -2943 -480 1135 -1167 -906 -377 -1082 795 1870 1604 2306 2038 483 2980 1267 405 -366 797 -722 818 71 -2168 2339 111 -380 -2335 648 -1219 -1417 -2853 2109 1002 1152 -1946 -390 945 -2121 -1666 -2037 2523 1932 -4 -167 455 -1383 1700 -1855 -269 -667 -2707 2493 -2317 1633 -426 -1428 -2803 -1259 2968 2118 -1609 2252 -744 -589 642 2329 1523 -46 2670 -1946 -1776 -1867 -1099 1525 -2885 1030 -1549 1066 -1466 -1741 266 2392 -2338 -1665 626 -1608 1414 -1570 -1162 903 -2452 -2951 -1845 1489 -2163 -1595 -2234 2045 -480 -1088 2208 2766 437 -2596 1573 406 -2879 1048 445 -1077 -1328 951 985 -369 -461 -186 -1532 378 2259 2818 1914 -56 591 2576 -298 -2214 312 -2137 -2886 -1868 -1279 -547 1029 -1916 2480 -2828 2723 -1252 1722 1415 -2705 -171 -1843 1605 205 89 -1358 -2485 1759 -2182 -1938 1273 -1691 -88 1101 -472 2501 -2344 277 -1773 2659 1036 -1028 39 -728 369 -717 2140 -652 2904 2759 -2968 -2637 1834 2874 949 1679 2951 1202 -2648 1712 965 -1129 -2721 1022 -1790 -992 -2239 -1588 2474 -644 -2218 -438 1509 -1924 -894 1356 -2093 1424 591 787 -2981 288 2379 -1560 -2692 2642 63 -647 -1442 -2237 -2000 1425 -1771 -2363 -562 759 142 2929 1529 -2866 1187 -27 1679 1936 -1295 72 -381 2605 2615 -2065 2458 -627 -2716 1395 -331 2208 2956 571 -1479 -1558 -430 65 -2648 -493 1604 -1715 2717 -1412 -1704 2845 1636 -639 -252 -1663 -1783 1531 -1412 624 -1855 571 -1750 -1984 1823 2394 2960 -2067 2888 -1016 1384 654 -617 2096 814 -759 -1658 2134 -425 -1895 678 564 1042 -895 -1908 2282 2621 -2969 1621 -2612 -2972 -31 -1086 2353 2306 2462 -913 -716 -2483 2849 -369 -500 503 2264 125 2244 852 -2165 -1220 986 -1824 -607 2577 548 284 -2979 -1194 2409 2505 682 1543 1627 2649 -2700 -578 -2727 -977 563 1412 131 -2492 -841 1216 2422 -2067 -1969 -2468 -221 -101 -2438 611 2473 -940 638 -2000 1557 244 2664 -2100 1089 -892 -1667 -1077 -2038 273 -1939 -2793 -2503 716 -1754 2859 -2060 -1072 146 1090 -329 1848 -1149 2405 -2857 -1712 -1705 -2219 -422 331 -2517 -1890 1412 -632 -1124 989 -1596 2687 -1250 1170 -2842 1700 -1567 -1462 2028 1245 -1291 1573 -2135 -93 -290 483 -267 -67 1275 1035 1041 2441 -267 -945 1749 -741 733 204 -2476 -1312 -2076 384 -1222 -1674 -760 -2629 1215 2927 464 -1400 1424 2901 2236 -2048 150 721 2618 -405 -664 124 -2127 2109 2989 1378 -2118 1429 273 1369 724 2508 -289 -1950 2045 -2106 -359 758 -468 1627 -2921 822 1464 785 2502 -438 -2832 -2537 -1736 503 746 -826 2353 -2139 868 -2181 2579 -855 -2478 -1412 -1197 285 403 -2481 -2513 -2462 1542 -1000 991 2060 1498 -2724 -873 2674 866 2996 262 -220 -2806 2404 1199 2796 2700 44 1561 -1843 -1583 -2618 -118 -1741 1407 -626 1292 1261 -584 -1020 -1142 -1369 1050 1652 -1582 1014 -1885 813 -1203 634 -1384 2837 2161 -2137 -834 888 -1024 -2669 444 -2892 692 -2889 2567 -2876 290 467 2735 2764 1479 -2744 -1946 -1335 2458 -1818 1545 572 -2074 -638 -380 2949 -1731 2678 982 2680 -940 -2398 -843 2584 -272 1563 2686 -2376 1109 341 1855 1111 2403 -877 -1897 -2234 1390 -307 -2669 716 2844 -26 726 -1766 -329 780 524 410 -1236 -1166 1990 -448 -800 -414 191 -393 -579 -1956 -2430 -329 2634 -2317 -441 2658 -1748 -749 -1256 -1183 1296 2952 1749 1981 562 1524 2424 797 -1060 -171 -587 -48 226 -2639 -327 -2585 -521 -1418 2352 -1795 424 1449 -1773 -1268 771 -1005 170 -524 -2450 -2664 -1536 -2524 1697 69 -2121 -326 -817 2615 814 737 -2930 -2738 -491 -845 -2660 -2381 -172 1609 -1444 2817 991 -645 -1161 244 -2869 -2466 -1636 932 -676 -424 2806 -2666 2470 -1890 718 -2995 -2840 856 -176 -2860 221 9 -2116 2498 -1413 1384 2974 -793 1210 -1647 -1758 -2049 -2568 -333 1911 2596 -2217 -700 74 53 -1335 -1099 -508 -2490 1645 -753 -2371 2600 -625 203 -1989 1209 -297 2010 -1342 1854 2397 2437 1049 343 2001 -17 -69 593 -1451 241 1775 2048 984 630 133 -2313 463 1908 2615 -2187 1128 2690 385 -584 1299 -2648 204 1322 2259 2428 814 480 -2441 1258 366 1870 -1816 -479 1651 720 2121 1299 -1819 -971 1060 -2964 147 -2968 555 762 -1291 1898 -2246 -290 -1867 -2084 -309 1590 90 257 -2417 719 2843 -881 2916 1040 -2280 -346 -2550 2625 -894 -431 1199 2615 238 -1644 -1000 808 1 -2399 2658 -2103 -1788 367 2107 2798 2757 -448 1094 1194 -273 -2577 -1384 -48 558 2878 -1348 -2620 -2362 1885 1658 -480 -1986 699 -1756 2822 163 -395 676 -684 -1072 997 -1885 -164 2621 -1082 -2761 -2990 2370 -1683 -1282 2998 2182 -1313 -395 1022 -708 767 -355 -2015 -2060 2463 916 333 -796 -674 -159 1848 -765 1830 -609 -2614 -267 -2583 494 -507 1310 104 -1323 2947 1114 -2588 1477 98 16 -2892 -989 2677 -728 -2116 2863 2677 122 2397 1866 -866 1689 458 1274 -2578 284 -1013 -2218 -1145 109 2129 2105 -354 2543 1414 -1534 2791 -115 -1685 2578 -703 -2220 2907 -334 2643 863 -1865 2529 -1971 -1962 2255 65 -1603 -2014 1214 -687 -1650 -2689 1759 -29 -2913 -1832 410 -289 1438 1419 1204 -831 1741 713 -270 -999 -2957 1029 1156 1854 951 2810 -2964 -1987 -59 1309 902 229 -1781 -260 -279 -990 -1406 -1916 2733 -1369 -544 -603 263 13 -1316 2708 -85 1916 -1039 1495 -1754 1948 -3 2627 1775 -1824 2382 -1223 662 2123 2100 -1096 -1731 2139 2064 2657 818 -2783 -1253 2714 1984 -1814 -1892 888 -1803 -2838 2652 2516 -315 831 1271 1307 2970 2122 1479 -1718 1237 693 -2238 -68 -1870 1094 -1502 -2599 -2986 -1297 -1498 -994 2192 -2475 -94 2816 -1129 2238 777 -2127 -2648 -2200 1249 1567 -590 -2705 2270 -304 2402 -179 1145 -1914 2897 366 425 2952 -1462 1254 154 2607 1196 2272 1864 1889 -2347 1655 2864 -1234 2610 2532 2937 1264 -995 2414 1561 2537 2447 -2152 -1158 2301 -1257 2722 2759 1810 -103 606 -1544 -2007 -2366 2915 -480 -1743 -2655 2673 1868 1331 -457 -2527 2277 -358 -723 -1942 -2637 2445 -1085 625 -1075 1250 -2865 2160 -500 -1576 -2374 2347 -1382 2431 -1294 402 -296 -1684 762 -1571 1088 727 1802 -2374 -1511 1044 2212 -1674 -2422 -1194 -419 57 -1274 -1940 1449 2553 -1874 -2916 2023 -1815 162 -669 -245 -1743 494 -131 -1856 -2259 -2626 -279 -2011 2010 1919 2362 1286 -810 2452 211 1313 1566 -2997 360 -1392 -94 -2142 -2571 548 2848 -1201 810 806 -506 -1534 2892 -1609 -537 -2390 -985 -1376 -2576 -823 -583 822 -327 1966 384 474 823 -1163 2135 371 281 1818 2613 -1129 2065 1781 1840 608 2770 1480 -1369 2107 -1621 -2779 -780 -2646 -2232 -2289 268 2879 -120 -2635 1999 246 -1825 2512 1626 -157 -657 -102 680 933 -58 -1690 -861 1555 -1388 20 783 -241 506 -558 2030 -1241 -599 -1604 -275 2302 -693 1246 -2215 -1136 -2951 1066 -2254 -1823 -2872 2972 1598 2237 -846 1262 -2955 1171 2594 2807 330 1976 2275 -2663 1613 105 799 -2867 1228 -11 -2994 -2828 -1632 563 -161 -359 428 -712 1945 2831 -1729 -374 -131 2992 898 372 -701 1506 -2100 -1223 475 1609 -201 -2586 1096 2883 -1911 -580 1877 -676 -1994 1619 1770 2844 829 2736 2021 275 2392 -632 -1171 -2975 -2657 1995 2420 2968 1994 589 -243 -1432 1394 1137 1881 2590 2704 1352 -576 -498 1918 2580 1153 -2060 -2735 2732 364 2948 1786 -389 -1267 -1337 2742 -1945 -1800 -2989 -838 -2673 -2863 576 2062 -2761 -2448 2312 -2200 285 2734 -331 2762 -250 119 -1479 937 355 2915 -2059 -1175 -323 -1614 1243 423 1212 1859 2855 1987 -380 1532 2328 -1718 -2352 1386 826 -1085 -694 -1057 -2516 1852 -2857 895 -2729 -1484 2098 -1082 -1093 1517 -2401 2870 -1299 -1205 985 -1266 709 2806 1427 -557 1739 -1352 2196 -2406 -515 2866 -2686 600 1336 -1319 562 2392 -303 -943 -1373 -1507 2702 -2325 -2318 -1517 2352 -2850 2585 1968 2262 1145 -481 2548 2140 -2757 -105 -2836 -1206 -1480 -1935 -2677 2646 201 2762 2718 -1588 -2688 1336 -1690 -73 2078 697 -2688 -2148 1479 2059 -523 -1204 -2342 -1008 -1148 -2246 -439 -860 -1937 -511 -356 1376 2367 -2830 -2874 -1690 -326 -1496 1110 -1627 -1328 386 -2768 -2417 -1611 578 2229 1634 -2799 253 2199 -2985 -2933 2127 1320 -902 2073 1877 1122 -783 -2623 2352 -908 -274 -310 737 113 16 -440 -1889 1610 2073 -2080 867 109 -1973 1696 2154 783 2212 -179 -756 -1679 -1917 1775 2687 1802 1860 -1643 1126 -2245 1440 -2388 226 -2979 -2037 2369 -2134 -1541 2304 2484 -2049 -1094 45 2079 1060 -2804 -1176 -578 2981 -1420 -1088 352 -1724 -826 -478 1809 1837 337 -136 937 336 -2536 -1854 -2681 -1807 -2849 -1717 1454 2549 2228 -1884 1939 -1087 1901 1162 -275 -2981 633 -1626 1332 143 -814 2585 -669 739 1539 610 -202 -1272 -2447 1548 2553 327 -2985 -1406 378 1552 -1441 584 -1560 -2809 -936 1772 -2298 -1541 250 -2594 1186 -555 -385 2495 -1654 -1104 -1915 1572 -980 -568 -614 686 1268 -4 -492 -424 719 -383 500 -1309 -2711 -433 514 -1187 -1627 -1058 1274 1990 1701 2194 -784 -1183 -2638 547 1560 -459 -2538 2703 1153 853 -2371 -197 -2858 391 -1963 852 -1684 -2380 2433 403 2172 1236 -1110 2829 -2655 -2076 906 -342 -167 -578 677 -1767 263 -1299 288 1232 -2629 -2597 -1554 1555 962 1282 2291 268 353 -295 -1622 419 -1762 1662 -971 -2444 -2586 472 -778 1257 -2786 -2158 1694 1004 2371 -318 2550 -22 2930 1861 -1882 1454 1052 -872 2809 -2575 715 2165 -449 -315 2616 -1214 -1902 -33 -900 1506 -858 -201 -2249 -968 -369 2095 1142 404 -239 -2628 -2520 -2219 1151 -2997 2718 2569 864 410 -796 2324 -1167 788 910 2105 -2458 274 1969 596 -2004 767 -1017 -2465 -1266 -2857 -2374 1878 -2594 -136 -2780 1992 -2088 -2443 2279 2870 -9 706 -1552 -2693 2108 -1290 -2372 -2905 15 -2627 64 2354 -423 1189 -954 -423 -2102 -2386 1859 -2807 2811 2319 -952 -2684 -120 -2759 2523 -2672 -2271 -2393 -106 -2824 -1568 2800 2420 -112 -760 2109 -2518 2500 157 -2575 1877 -151 1122 -664 1463 -846 2509 2660 1252 -658 2478 -931 -1487 1556 539 2920 620 -867 -2969 356 1434 554 1820 -1583 -207 1297 -1737 -305 -1032 258 1109 1022 -2374 -309 -210 -1176 -328 2054 1427 -1736 -486 1665 2737 775 -434 831 223 1151 2433 -695 -2587 -987 -856 -2113 -445 1069 242 -47 -814 -2284 2813 419 -2129 -1779 -1281 98 2984 -938 -1591 -2569 -1673 32 -1035 -2653 -269 -1628 1598 2797 -38 -2184 -1501 2072 -1462 -2020 1545 -1715 -2401 -120 2314 2247 2863 -432 1082 2042 702 1489 2213 1887 1810 1605 -2815 1009 -875 1702 -1183 412 -2726 2250 -1607 726 2337 783 -1674 1141 -994 -1575 1719 2815 -730 -1838 -2171 2792 -2375 2325 1365 -585 65 1778 2038 -137 -2589 2601 2495 -1967 -1113 -2138 234 -78 1472 -2848 1718 -546 6 -1188 30 1470 -37 481 -1510 -825 -848 196 2031 -1115 -293 2603 828 -611 711 344 1207 428 633 -385 337 2787 522 132 -2209 -2335 -672 -914 40 -246 -1304 2630 -501 185 562 -2510 2711 2461 -2025 -2215 -1953 1423 -480 1425 -94 -995 1975 253 -929 2814 360 -512 -2654 1212 -1651 962 -2556 1031 -2113 -1209 1521 259 2598 -2630 -510 2304 -531 1553 64 -2159 -2762 -1711 -655 -1647 -2149 1992 2090 -548 -1179 1348 -1962 -1516 171 1875 2187 196 -1090 1087 1081 675 1848 2912 -723 267 1927 -2110 1553 -1027 -1809 -555 -2110 1598 -635 -421 -702 2936 2750 -2609 -351 -1902 2594 971 1489 -1119 -2482 -2040 -2915 644 2070 -1487 -1814 -2077 1112 -2183 -1965 2398 -53 -866 1347 2932 -644 -1814 -273 2774 2785 2900 1338 -1233 90 -160 1545 2301 -1788 -2226 -815 -843 -2834 -1897 -2945 1527 2343 707 1582 -900 -2666 1838 599 -2858 1709 -171 2836 10 2547 792 -2271 1483 -918 2652 2911 715 -1390 2085 2183 -123 2083 2456 1781 -215 1236 -2797 2073 -2760 611 -366 329 -2126 -1134 -738 -958 -1061 27 1407 -1902 -737 490 -890 1235 -614 -1883 -1725 -1272 -1970 718 2307 -1516 -1 -746 -2362 -1788 308 -215 2080 -2652 416 -488 -2683 -1966 -1884 -953 -936 -1227 534 1661 -1951 2530 -490 1811 2598 2113 21 1170 2205 -1465 1692 -1310 1813 1515 548 -1147 2742 2563 -2098 -1766 -1956 2940 -197 583 2189 1384 -1696 827 812 2536 2188 2245 1721 2579 -2893 572 -1968 2637 -691 -1683 1997 1083 -2290 -1411 -673 -1108 2240 2340 132 56 974 -2394 -1621 -594 1350 -1654 31 -2274 2542 23 -1560 -1177 1389 -2003 185 -892 -1372 1992 -1885 -199 155 -1925 -492 569 -586 -312 -1982 -2851 737 -151 2276 -2661 793 -1906 377 843 -2885 -74 -1416 2042 -2168 1382 -2872 -844 1424 -2596 -2154 -1671 860 2591 1211 -1809 -561 2532 -2788 2463 2337 713 823 -382 -1865 -844 -1761 818 1311 118 -1062 1035 -632 -2447 1490 1920 -516 -909 1291 2738 -1676 -2780 -2397 1758 1262 -2350 -356 693 -2996 2064 -277 2908 2409 676 -1871 -218 -663 818 1982 1587 -394 -2550 -2267 2728 1113 -2264 1872 1109 -1134 54 -1941 699 -1220 -2181 74 -2582 1630 -101 -2177 -175 1400 1165 2210 -2625 -2334 -2348 -712 2738 40 -880 -876 334 206 -1613 668 2906 1664 -1283 830 -656 -1014 -1315 -1195 2890 -979 -1592 -1056 -1813 -321 -1454 1269 -1147 2495 1657 2066 2634 1954 -142 -39 -2714 -1025 -1230 664 1519 2008 -2214 1772 -190 2590 328 1735 1065 -2686 -767 -2766 -2891 -893 -1982 1112 -43 1184 -549 2016 16 103 2496 -2240 -1057 1130 2875 -1013 -1901 364 2507 -452 -494 -2014 -2855 819 980 -2477 -1885 254 -1632 330 -2272 -2105 1948 -2563 -2257 298 -497 330 650 -336 -686 -531 2915 518 748 1750 -1110 133 -888 -2717 1270 -2277 2444 2972 1208 -2866 -2016 2931 -800 -925 172 1337 -2025 -1029 -1786 -2998 2370 268 -1423 -2002 2756 2491 1363 1037 -1407 1162 -937 1998 2261 -623 1885 2886 -2239 -1446 -242 -441 762 -735 -251 -2409 2598 -604 2444 -848 -1514 -2186 -2470 -302 -23 -1194 -2440 -763 -509 -2073 -15 -848 1600 -57 -1470 910 -2324 371 1563 2017 2313 1661 -111 1254 9 -1270 1235 1534 -602 1382 2190 2115 1424 1312 -1258 -2079 1993 920 -2895 -1552 135 2253 -1917 -2991 2144 -2596 -527 -852 -2696 -2758 -788 377 2820 -2394 -263 2259 -2399 -448 -1510 -1710 -2186 -663 -560 -2265 -1919 -75 236 -2283 1397 -455 1300 2651 -1175 2504 -55 2450 1960 -9 -1859 164 -1575 -144 2977 369 -2385 1702 2801 2939 891 2173 26 -1736 576 -2321 1196 -1246 -1706 -2577 1102 2283 382 1380 1723 794 -1574 1445 2650 684 1406 -154 1430 1774 1265 -463 2446 -1371 436 -2105 59 -187 -2498 -104 -2164 976 468 -976 -1928 -2556 2481 -2764 2642 -2696 -2230 -485 -2363 -1046 -236 164 -2435 1375 1372 -212 -2521 1100 -2754 2147 -1003 1802 -281 915 1374 489 1615 -950 -2358 -1730 2463 2421 2854 -2233 118 -2289 -1177 1845 -2470 -426 -2145 1780 292 881 -1935 -655 -1587 2983 -1014 2985 1420 -1866 1378 723 -2410 1203 2935 493 2880 598 1148 -1676 -870 26 -993 1336 -807 -886 -933 899 -1107 1393 734 2163 -2816 -686 2206 -67 2253 -1179 -389 -2832 -111 258 249 765 1893 -2920 1066 -1132 595 -58 -1428 1547 -1537 1715 1348 1462 -138 -1901 -2503 -2632 -173 -1628 2393 -788 991 754 -2351 1501 2730 -1685 -2962 260 -627 2948 -2008 -907 779 2765 643 1298 2601 -2612 -2814 2467 1183 406 655 2233 1414 2628 2986 -1605 -688 -1805 2695 -55 2948 -2492 2213 839 -2499 571 931 892 -1633
3000 9 288 -2050 -2317 -1671 -2164 -4156 -5631 -4789 -7614 -5321 -7126 -4562 -1911 -3032 -4380 -4231 -3980 -5634 -5675 -7725 -10092 -12755 -11707 -9482 -11315 -10237 -9009 -9314 -10059 -11797 -9135 -8934 -10537 -10285 -10828 -11355 -11680 -14188 -16747 -16511 -18055 -18574 -21218 -19291 -19766 -17488 -15486 -14896 -12939 -15126 -14277 -16126 -17672 -17990 -20410 -21770 -19194 -20656 -19031 -17755 -19208 -20202 -20705 -20722 -20572 -22696 -23768 -21700 -24693 -26784 -28231 -26079 -26728 -25335 -27609 -30297 -32326 -29500 -29766 -31529 -30945 -32767 -35716 -38622 -38762 -40701 -39452 -37163 -37528 -36933 -35338 -37730 -34814 -34858 -35709 -33537 -35460 -33076 -34434 -37216 -37092 -39481 -36768 -37198 -36628 -34794 -33336 -33552 -34927 -37798 -39978 -39658 -38473 -41416 -43027 -40783 -39957 -39649 -38442 -38273 -40567 -38923 -41385 -39375 -38459 -38575 -37829 -36013 -35916 -33683 -35213 -33363 -31593 -32773 -33921 -31759 -31299 -30957 -33507 -34126 -36434 -33549 -34046 -35474 -33680 -32735 -34648 -36415 -37850 -38174 -38877 -36484 -39111 -36279 -35560 -36142 -38530 -37466 -35540 -33145 -35214 -32314 -34375 -35827 -34559 -32893 -35850 -35725 -37937 -35852 -32875 -30604 -33029 -35985 -35256 -34631 -34331 -37133 -38114 -40062 -42028 -40173 -39187 -39329 -42191 -41091 -40557 -38027 -36772 -33900 -33509 -31045 -30685 -33334 -32459 -34489 -35912 -33245 -30265 -28473 -29088 -31084 -33737 -32510 -32613 -31442 -32183 -30936 -28531 -30271 -28096 -28651 -28639 -29240 -26654 -24423 -24290 -23503 -21802 -19487 -17804 -17312 -19111 -20552 -21042 -19556 -18053 -19059 -21049 -23792 -25021 -24858 -22035 -24401 -27134 -26584 -27051 -28859 -26373 -26170 -27143 -30137 -28463 -30600 -28371 -26808 -28508 -27961 -25674 -25555 -25545 -27438 -30124 -31881 -31992 -33313 -33854 -31954 -29793 -32474 -29814 -27853 -26419 -26371 -26703 -26663 -26985 -28687 -28234 -28072 -26983 -28032 -30715 -33512 -34353 -32354 -31572 -34351 -33939 -35283 -36432 -38633 -36018 -36387 -35281 -35050 -33361 -35845 -38045 -40693 -42511 -42327 -40247 -38967 -40284 -41129 -39854 -41995 -44959 -43307 -42885 -45649 -44321 -46465 -48894 -51322 -52246 -52794 -53583 -56136 -55679 -55947 -57571 -55695 -53407 -54281 -54480 -52660 -53177 -53740 -54532 -53071 -54960 -56069 -55111 -56341 -57510 -55095 -54193 -52991 -52897 -50557 -47979 -49562 -52454 -52140 -54580 -55379 -56119 -56619 -55399 -56571 -58843 -61378 -58408 -56573 -55308 -57688 -60175 -63022 -63388 -61317 -63627 -61006 -59742 -58032 -59170 -56467 -54733 -54604 -52557 -52592 -52634 -55418 -54242 -56186 -54845 -56174 -57836 -56901 -57136 -58689 -58704 -59839 -60748 -61739 -62636 -64092 -67045 -64897 -67407 -65110 -66185 -66395 -68987 -67555 -69111 -67454 -69176 -68295 -70026 -68711 -71446 -71070 -72669 -70857 -71767 -74650 -74291 -72097 -72732 -74940 -73221 -71537 -69864 -67227 -67047 -65889 -66021 -64236 -64926 -64515 -67210 -69472 -67012 -65266 -63687 -63907 -61418 -59282 -58362 -55988 -53324 -53256 -55599 -54378 -54901 -55135 -55424 -55210 -55287 -54765 -54764 -52003 -50347 -52653 -50503 -47692 -48571 -51517 -50248 -50363 -53314 -56200 -53870 -55883 -56278 -54280 -55308 -57499 -55331 -54843 -53913 -55127 -54631 -55549 -52574 -54833 -56889 -54021 -56715 -58965 -56331 -55964 -55777 -58014 -57011 -58094 -59636 -56864 -59691 -60644 -59858 -61032 -61136 -63064 -64187 -62821 -65416 -64324 -66818 -67056 -65005 -64622 -63762 -63102 -64616 -67323 -64336 -62381 -60204 -62067 -62103 -62868 -61734 -63028 -63467 -64200 -63970 -62284 -60917 -62452 -63739 -62984 -60519 -59399 -57339 -55193 -54554 -54210 -51367 -48891 -48163 -50298 -47632 -48499 -47808 -48888 -49052 -46324 -43893 -44708 -44239 -43595 -41652 -39305 -37926 -36842 -33921 -34364 -33418 -35876 -33771 -33104 -33758 -34022 -34727 -37484 -37193 -37568 -35000 -36803 -35128 -37896 -36469 -38437 -40665 -43519 -41724 -43880 -42023 -41312 -39606 -39316 -37157 -35076 -32227 -31690 -30863 -31666 -29044 -29460 -28282 -26383 -27702 -26931 -27957 -28720 -26920 -24630 -27069 -26807 -28277 -30966 -32239 -29694 -32488 -34024 -36226 -38672 -40042 -42524 -42497 -41931 -39187 -36776 -35635 -35783 -34836 -33372 -30911 -33274 -33223 -32560 -30067 -32665 -34171 -33735 -33646 -35207 -33794 -33887 -35727 -37646 -39556 -41387 -40825 -43533 -42556 -43962 -44782 -42200 -45107 -44038 -44190 -44734 -45464 -46641 -44086 -45012 -43900 -41582 -40043 -41894 -44259 -43512 -42886 -44928 -42246 -39441 -40249 -40788 -41169 -38229 -37826 -37748 -39574 -36832 -35205 -34499 -37248 -37471 -35211 -33965 -32188 -31901 -33368 -33953 -32660 -33444 -32674 -32492 -30281 -32991 -30417 -27984 -25499 -27411 -29566 -26796 -25463 -23984 -21714 -19079 -20124 -17407 -19834 -19033 -19265 -19776 -20538 -22855 -20574 -18940 -18972 -20290 -17300 -16837 -18878 -20262 -21409 -20222 -18612 -20206 -22877 -20057 -22369 -24694 -24135 -21632 -21614 -19279 -21394 -21867 -20717 -20763 -23600 -22518 -22691 -21971 -21916 -24517 -22738 -21256 -21071 -22442 -23621 -25885 -23107 -25023 -26102 -25035 -23663 -21785 -19049 -17410 -15862 -16964 -18365 -19695 -19333 -16878 -15127 -14997 -16947 -15709 -14421 -17330 -16144 -18705 -16977 -15019 -17831 -16231 -14302 -15767 -14430 -16874 -15431 -12740 -10771 -9282 -12113 -10556 -13453 -15529 -18474 -15874 -16053 -16632 -16849 -15734 -18472 -20979 -23305 -20669 -20441 -23055 -21290 -22658 -20432 -18494 -20793 -20938 -22204 -22116 -24897 -24053 -25343 -23604 -23305 -26181 -29150 -31155 -30044 -31692 -28842 -27027 -27198 -28847 -26320 -26925 -25316 -24277 -22581 -23672 -23848 -23019 -25301 -22325 -25314 -27664 -27030 -25898 -25386 -26158 -27403 -24889 -24974 -25073 -24371 -26555 -27588 -26181 -25472 -24160 -25184 -24330 -23523 -24843 -23855 -21378 -22878 -23105 -23432 -21483 -19696 -20797 -22604 -21922 -21961 -21012 -22130 -23170 -22228 -22581 -25384 -22716 -24765 -24669 -27289 -30003 -28267 -27679 -30154 -32958 -31585 -30728 -31029 -33334 -35720 -33241 -36191 -36879 -36937 -38839 -40921 -41334 -41367 -39682 -37898 -36546 -39169 -37232 -36086 -33095 -32732 -31037 -32541 -31069 -33819 -34527 -35359 -32485 -30900 -28504 -26573 -25159 -27628 -27941 -29252 -29950 -32193 -30331 -32320 -31318 -32620 -31000 -31323 -30509 -28313 -26883 -24365 -26458 -25392 -26737 -26636 -28147 -27230 -24778 -24687 -26691 -24006 -21792 -24529 -22126 -23708 -23434 -22197 -22262 -20554 -22789 -24291 -22860 -21440 -19280 -18894 -18820 -20813 -19539 -22184 -22115 -22023 -21569 -24434 -24960 -24581 -23642 -25500 -24814 -23959 -23069 -22109 -22593 -23092 -25132 -25928 -28135 -26530 -27222 -27687 -29410 -28148 -28991 -29112 -31957 -29058 -26177 -24617 -26388 -28802 -27926 -30323 -27554 -27815 -29179 -26555 -24480 -22817 -24300 -26636 -24960 -26179 -26603 -24589 -25609 -23773 -24590 -25254 -27988 -30907 -28870 -30257 -28249 -27542 -25789 -26406 -26240 -23789 -23311 -22913 -21944 -20313 -23170 -22920 -21002 -19640 -19444 -20013 -20324 -17565 -18067 -19206 -21760 -20229 -19048 -18242 -20537 -23323 -23876 -25318 -25940 -24618 -25721 -25190 -22771 -23262 -25827 -25870 -28009 -28811 -30944 -32604 -34895 -33354 -30863 -33628 -31024 -33197 -33813 -35372 -35529 -35551 -36851 -39307 -39509 -38043 -40649 -42891 -44265 -42827 -42684 -40521 -43387 -43050 -44194 -45257 -47959 -50018 -47631 -45118 -42638 -40055 -41022 -39675 -37713 -34774 -36242 -38147 -40087 -41751 -39817 -38020 -35897 -36465 -35869 -35407 -35354 -33188 -33167 -30909 -33124 -35160 -36842 -36224 -36553 -38357 -36998 -36423 -37666 -37888 -37248 -38415 -40243 -41933 -43211 -41702 -40684 -43345 -45914 -43807 -41786 -43141 -44372 -47029 -45833 -44259 -42039 -41302 -43296 -43711 -43446 -41042 -39703 -39762 -40710 -41474 -43714 -43537 -45369 -47323 -46071 -48182 -45690 -44305 -46624 -47232 -45820 -43966 -42515 -43822 -43034 -45313 -45698 -47494 -48705 -45947 -46093 -47025 -45970 -47574 -45847 -45451 -45901 -46505 -48193 -47068 -47240 -46381 -44096 -44954 -46807 -47481 -50443 -48986 -51185 -51280 -51794 -52494 -53179 -54217 -51884 -53843 -55560 -53262 -53856 -53318 -51924 -53357 -55452 -58036 -57471 -56194 -57150 -59031 -59302 -60491 -59401 -58641 -57140 -55396 -56773 -56466 -54607 -54058 -51621 -51874 -54057 -56343 -55986 -56329 -54199 -54444 -55005 -53023 -55278 -57541 -55387 -55417 -52491 -53091 -50224 -49163 -51054 -52220 -53608 -53634 -55761 -54601 -54910 -57164 -58431 -60773 -61057 -60689 -62631 -61498 -63099 -62191 -60094 -62997 -61614 -60898 -63221 -65962 -64441 -62315 -60173 -61903 -63184 -62346 -59835 -60738 -63643 -60993 -60297 -60086 -59200 -57420 -54698 -57001 -58548 -60957 -60878 -63575 -60870 -60554 -57824 -54966 -57779 -54831 -53984 -51089 -53591 -51619 -50227 -47562 -48562 -51040 -53878 -51986 -50351 -51315 -51235 -49351 -51883 -53479 -51120 -50671 -50177 -51077 -53616 -55647 -53482 -54457 -54754 -53938 -55917 -53940 -56510 -56224 -57381 -60303 -57616 -59546 -60145 -62494 -63919 -65336 -62535 -62778 -62764 -59904 -58818 -56735 -55184 -56314 -55615 -52931 -52933 -53708 -53067 -51991 -53740 -51041 -51199 -51925 -49787 -48531 -46839 -48401 -47422 -50268 -49381 -49481 -46502 -44414 -42233 -45161 -44268 -41959 -42614 -45399 -43421 -44745 -45468 -44633 -44599 -47195 -45711 -44429 -45683 -46342 -48256 -47120 -45251 -48159 -48539 -47291 -48125 -49514 -47475 -49549 -51444 -54231 -53943 -51223 -53131 -56027 -53030 -50035 -52434 -53530 -52976 -51613 -50423 -49647 -50706 -50987 -49235 -49539 -48845 -50751 -49201 -50259 -50685 -53439 -52574 -54416 -51581 -50933 -50257 -52988 -53590 -56399 -56162 -58970 -59997 -58470 -56072 -58997 -61280 -58607 -59768 -59987 -57283 -58221 -56411 -53890 -52619 -52896 -53366 -52056 -52598 -55052 -56985 -58910 -60721 -60758 -62198 -62410 -64690 -65736 -63749 -63260 -64655 -65238 -68021 -66317 -66857 -67530 -68001 -67718 -70208 -68299 -69634 -67976 -67370 -66028 -68805 -70882 -68440 -69152 -72111 -69349 -67644 -69813 -68359 -67141 -68278 -68537 -66205 -68456 -70944 -72489 -70729 -70158 -67905 -65087 -65300 -68282 -68806 -68944 -66043 -68548 -70770 -71704 -73927 -74779 -72756 -71947 -70897 -70780 -72676 -74943 -73078 -71787 -73464 -73601 -75327 -76729 -74625 -73649 -72983 -72455 -73420 -73368 -73948 -75013 -73996 -72198 -69791 -70746 -71003 -71483 -71470 -71663 -68807 -67333 -65801 -64182 -63439 -64132 -64746 -63833 -61195 -61589 -60652 -58955 -60079 -58359 -60332 -63195 -60526 -60195 -62735 -64364 -67144 -65595 -66078 -65151 -66354 -65698 -66059 -68315 -67968 -66998 -69031 -69303 -69737 -67022 -68659 -66410 -64621 -62173 -60530 -62246 -64804 -65536 -63098 -65334 -67314 -64717 -62829 -65471 -64308 -62191 -61425 -64258 -65179 -65045 -67904 -65382 -66345 -66175 -64949 -64924 -62452 -63504 -62524 -60548 -62905 -64827 -67706 -70308 -69650 -66926 -64205 -62902 -62111 -60033 -60425 -61403 -63324 -64170 -64189 -61314 -61617 -60463 -63400 -63028 -64874 -64754 -66651 -68100 -69259 -71323 -70429 -70119 -70949 -69975 -68467 -69372 -71355 -72923 -71717 -72327 -72245 -74291 -74512 -77424 -75832 -73988 -74977 -77539 -76238 -76428 -73505 -71415 -72651 -72856 -74618 -73326 -75413 -74762 -76887 -76911 -77383 -77281 -79889 -80262 -79301 -77865 -77712 -79715 -77957 -78465 -75692 -73144 -74312 -73904 -74561 -74645 -76757 -75921 -73901 -74290 -77080 -75499 -75081 -75032 -75409 -77757 -78932 -77719 -79792 -77560 -76888 -76090 -74411 -77300 -76856 -77591 -80386 -78471 -79994 -79464 -77144 -76537 -77069 -78635 -79689 -77109 -79676 -76788 -79726 -81482 -83049 -81854 -84075 -81753 -81413 -83640 -82260 -83930 -83523 -84491 -86563 -88933 -88166 -87739 -88094 -85569 -84459 -87373 -86672 -85162 -82800 -82829 -82146 -84385 -82533 -83228 -84416 -81575 -82354 -80864 -83376 -86289 -85335 -83839 -84197 -85381 -82914 -83880 -84378 -83291 -85552 -82754 -83382 -81176 -80296 -82986 -84099 -81989 -79474 -76886 -78290 -76120 -76791 -77601 -78599 -78221 -75348 -72560 -70604 -69207 -67538 -67756 -66172 -63569 -64505 -65944 -64728 -66133 -65746 -67128 -65778 -64939 -62561 -62632 -65001 -62599 -61302 -63839 -66190 -64544 -65973 -68682 -65698 -66745 -64090 -65147 -63671 -62649 -59780 -59940 -60458 -58404 -56871 -58214 -55502 -55258 -52602 -55331 -57521 -55074 -54079 -53251 -55921 -56214 -54400 -55871 -57349 -58475 -58040 -56272 -58291 -58409 -57992 -56151 -58012 -58662 -58207 -60955 -63008 -64883 -63365 -64510 -62819 -61597 -64128 -65326 -66469 -67373 -65623 -67608 -68592 -71564 -71557 -68747 -68690 -71036 -73542 -71844 -71367 -69760 -68726 -71545 -71653 -72636 -74633 -73954 -73773 -75008 -74388 -74426 -74146 -73586 -76027 -74583 -71831 -71325 -73888 -72106 -73809 -72794 -75423 -75041 -73619 -72497 -71087 -69442 -71232 -70771 -72399 -75235 -75771 -75110 -72797 -70245 -70140 -70962 -72687 -69753 -66913 -68154 -67551 -65545 -65800 -68144 -69777 -72364 -69929 -70338 -72911 -75296 -74043 -73579 -74340 -73080 -75066 -72188 -73824 -72051 -74285 -72038 -70325 -70972 -68825 -71400 -70196 -69125 -69119 -67977 -69548 -66992 -64463 -61559 -59679 -58012 -55654 -57654 -54662 -56463 -56649 -55407 -56303 -58801 -56903 -58904 -56074 -59035 -56857 -55457 -56493 -55754 -55390 -54377 -52016 -54535 -56649 -57089 -54580 -53823 -54540 -54746 -56300 -56347 -57828 -55262 -55610 -56818 -58167 -60443 -57901 -60778 -59206 -57122 -57326 -58144 -60061 -58470 -58116 -55252 -57709 -59302 -58807 -56273 -57121 -59261 -61706 -60775 -62300 -61899 -63641 -65356 -65422 -64966 -67662 -68673 -69188 -67565 -68552 -67459 -67585 -65625 -66278 -64406 -63290 -63799 -66051 -66123 -68669 -70493 -67600 -67616 -69750 -67976 -68927 -71723 -72922 -71978 -73402 -74707 -72679 -73200 -74578 -77514 -77340 -77972 -77343 -76322 -76657 -75759 -75094 -72462 -69520 -69015 -70655 -73274 -71623 -70999 -71515 -69143 -70988 -69730 -70942 -70510 -70254 -72324 -70434 -69118 -70487 -69076 -66799 -64483 -65602 -66103 -64548 -63375 -62975 -65963 -66527 -63880 -62202 -63889 -62003 -62469 -61984 -63947 -64768 -65711 -63071 -64591 -65137 -67149 -69119 -69706 -67134 -70119 -67819 -70739 -70641 -73407 -76374 -75134 -77435 -79963 -77439 -79799 -81637 -81876 -84121 -82608 -80541 -82627 -83515 -84202 -84653 -86620 -85780 -87715 -86814 -85307 -84733 -87342 -84819 -87520 -88288 -88296 -88742 -86336 -83512 -83439 -85390 -87682 -89222 -89500 -86501 -87128 -88745 -89274 -89608 -88115 -86098 -88697 -89490 -89842 -89018 -89686 -88808 -86603 -88985 -91926 -93031 -91534 -91788 -92469 -90652 -91581 -94579 -94929 -95609 -98499 -101350 -100936 -98925 -97725 -97496 -100357 -98743 -98470 -96761 -96371 -97196 -97502 -98139 -97944 -98489 -100737 -98635 -100673 -101316 -104067 -103142 -102035 -99358 -100153 -99491 -97160 -99871 -100671 -100912 -103503 -106110 -107876 -107530 -109525 -110689 -110176 -108845 -108132 -106295 -108794 -109946 -107770 -109576 -112165 -113830 -112597 -114843 -116170 -113189 -113438 -110616 -109591 -111700 -109748 -110452 -109994 -107434 -109133 -107491 -106228 -105058 -107913 -106624 -103782 -104563 -106310 -104692 -104814 -104868 -107385 -106965 -108481 -111477 -109759 -109942 -109228 -109119 -107765 -109648 -107540 -107244 -108965 -108632 -108320 -108390 -107641 -104850 -106893 -104235 -105444 -103776 -101602 -102634 -105605 -106247 -106080 -108581 -111206 -110885 -109877 -109446 -111549 -111374 -111725 -109821 -111316 -108616 -110110 -107467 -110000 -107578 -104634 -106293 -105430 -103029 -105981 -105534 -104730 -103626 -106386 -103781 -103533 -100801 -98848 -101637 -102246 -100127 -102559 -101736 -100123 -98918 -101076 -98192 -100380 -102355 -102704 -103927 -104151 -103318 -105695 -103358 -100456 -98784 -98846 -96031 -94732 -96754 -98530 -98260 -95606 -96403 -94696 -97441 -100293 -101552 -104001 -103992 -103093 -102368 -105139 -106893 -105324 -107137 -107076 -104863 -105508 -106576 -108331 -108908 -106329 -104635 -101661 -103755 -104980 -107398 -108428 -110480 -109201 -111893 -112168 -109884 -112211 -112808 -110570 -112007 -111330 -114285 -115154 -113971 -112479 -109763 -110099 -111437 -113847 -113275 -114466 -116857 -119835 -118512 -115833 -114790 -114075 -117002 -114361 -116477 -113494 -110655 -113268 -112226 -114697 -115508 -116192 -114742 -112806 -114904 -117232 -118147 -120886 -121896 -121598 -123423 -125730 -126746 -125987 -126872 -128028 -130339 -127593 -130480 -131550 -129451 -127873 -130647 -130942 -130344 -131974 -130556 -130533 -127734 -130275 -127600 -126137 -126619 -125427 -123852 -125429 -126458 -126052 -125527 -125280 -125125 -125849 -124241 -123924 -126730 -126107 -128250 -129705 -132299 -129483 -131104 -132109 -131457 -128989 -127377 -128875 -127052 -126202 -126891 -124213 -124411 -122440 -122251 -122466 -121158 -123797 -124307 -121934 -121954 -120880 -122283 -123581 -125161 -123432 -125554 -124879 -122126 -122712 -121286 -119696 -122030 -124354 -124515 -126088 -128585 -126320 -124988 -124932 -123163 -120974 -122877 -125005 -124222 -123512 -121468 -120730 -119952 -117486 -115471 -116251 -115345 -115819 -115415 -117316 -116185 -114399 -112189 -109932 -111603 -112732 -113184 -112131 -109582 -112305 -110287 -110684 -112477 -114833 -112967 -112622 -113453 -115516 -113629 -110977 -113493 -113155 -112879 -111345 -109802 -109373 -112302 -113771 -113159 -110805 -108078 -108243 -109980 -110401 -112625 -110250 -108192 -108386 -107573 -107858 -107997 -105779 -104744 -102336 -103094 -100753 -100641 -102060 -104823 -105985 -105838 -103671 -100991 -98067 -96509 -93599 -93047 -90566 -92043 -93870 -96723 -97281 -97714 -96963 -94610 -97527 -95975 -94649 -93034 -91161 -93029 -93183 -95727 -93348 -92351 -92284 -89916 -91272 -89412 -91221 -89476 -86655 -88850 -88239 -86368 -87565 -87414 -86486 -86279 -87625 -84652 -85022 -85149 -86637 -85586 -88284 -87780 -86761 -88399 -89633 -87898 -88123 -89167 -87247 -87916 -89981 -90514 -93396 -94960 -96016 -95242 -95238 -97590 -97677 -100595 -101709 -102723 -102324 -104638 -102293 -103387 -101286 -98786 -100162 -101953 -100941 -99948 -100859 -101215 -98345 -100768 -99885 -101866 -103274 -101979 -99763 -98157 -97678 -97396 -100114 -100986 -98230 -98653 -99523 -97466 -99961 -97769 -99424 -101503 -103397 -101297 -102378 -102288 -104960 -106420 -108263 -111154 -110563 -108359 -108284 -106296 -108839 -107064 -108026 -106504 -106133 -105045 -102913 -100847 -97932 -96715 -94932 -94254 -97098 -96985 -94017 -93450 -96257 -96662 -98284 -100697 -102723 -103210 -101408 -102322 -103053 -100423 -99431 -98314 -98378 -98145 -100001 -99117 -97832 -98206 -96274 -98017 -97777 -99809 -101257 -100234 -97617 -99799 -100722 -99331 -97805 -95674 -96111 -93478 -94355 -97001 -98474 -98858 -99791 -98292 -97048 -98175 -97655 -96773 -94349 -96739 -99290 -101706 -101093 -98820 -97424 -94941 -94068 -95666 -94881 -94479 -93608 -92369 -92241 -93594 -94170 -94618 -93138 -95347 -97294 -95580 -97399 -97388 -97146 -99170 -97422 -98831 -101524 -101441 -103634 -104361 -106814 -105659 -107529 -106178 -103552 -101497 -98722 -96551 -94644 -95392 -97231 -100197 -102064 -101112 -100362 -97919 -98357 -100975 -101131 -102388 -105286 -107160 -105762 -103146 -100515 -98488 -101194 -102530 -101774 -100679 -99029 -96253 -95052 -97255 -98286 -101115 -102297 -102089 -101149 -99267 -101771 -100350 -102375 -100246 -101354 -100048 -101650 -99918 -98881 -98128 -95632 -97616 -96804 -95151 -92934 -91201 -89672 -88025 -88663 -89004 -88138 -88219 -85756 -83877 -85160 -86677 -86485 -83892 -82620 -84984 -87170 -87638 -87005 -85141 -82996 -82128 -80121 -81659 -83675 -83612 -85124 -84493 -86081 -88201 -89160 -86570 -84798 -87375 -88472 -90293 -88245 -90520 -92903 -94113 -97024 -97354 -97495 -100220 -99248 -97050 -96461 -96597 -93632 -92725 -91971 -89937 -92178 -89607 -86674 -86038 -87322 -84529 -83378 -84975 -82563 -84867 -85161 -85905 -87869 -85639 -87468 -87499 -89423 -91414 -89828 -89255 -89696 -91141 -91247 -90495 -92916 -90752 -90645 -87971 -86606 -85355 -87736 -86422 -89214 -88733 -87072 -87665 -86325 -86583 -85523 -83947 -83391 -85972 -86160 -83730 -85826 -84289 -82700 -80976 -78391 -77932 -77020 -79109 -80525 -80299 -79438 -77320 -76338 -75052 -75587 -77002 -74326 -77160 -79707 -78989 -80183 -83146 -85448 -83684 -82469 -81747 -80422 -79841 -78768 -76733 -77311 -77314 -76458 -74888 -72691 -71854 -71977 -70492 -68058 -65599 -64071 -63075 -64116 -61777 -63662 -64087 -61936 -61508 -62399 -64618 -66329 -65189 -67659 -69604 -71710 -73225 -72832 -75558 -77743 -78967 -78675 -78761 -81589 -82579 -79731 -78272 -80689 -81693 -79173 -77869 -78069 -77730 -76018 -77171 -76752 -78493 -80281 -80583 -78157 -78951 -81280 -79967 -80518 -82992 -85759 -86429 -85430 -84954 -83193 -81412 -81215 -80214 -82155 -82415 -83279 -80829 -83223 -81249 -83649 -84656 -84919 -86169 -88435 -85680 -84938 -81984 -82993 -81697 -83143 -83462 -83522 -82786 -83483 -84256 -85178 -84621 -85571 -84181 -83240 -83081 -81562 -81950 -84764 -83138 -80321 -80567 -82345 -81753 -80796 -81881 -82770 -79838 -80733 -83088 -82117 -82562 -82557 -81695 -84575 -87322 -85313 -86103 -84471 -85703 -86189 -87317 -88678 -88534 -90970 -88170 -86259 -88887 -87207 -87252 -87882 -87714 -85176 -82703 -84227 -82957 -81370 -82875 -80998 -79305 -77184 -78675 -77510 -76124 -76452 -73494 -75647 -78258 -75327 -75642 -75820 -74743 -72131 -69391 -71927 -73120 -72851 -70905 -69986 -70096 -71194 -73463 -74820 -77430 -79806 -82363 -83672 -83481 -81160 -80653 -80767 -79368 -81198 -83260 -84245 -82564 -85458 -86227 -83856 -81330 -78611 -79416 -82075 -80588 -79023 -79644 -77531 -78865 -75905 -74264 -74129 -71861 -70600 -72757 -74604 -77539 -79718 -76788 -76657 -77067 -79159 -79893 -79943 -79090 -77045 -77864 -77655 -76274 -73978 -73536 -75501 -75529 -73913 -75012 -76860 -75101 -72115 -69966 -67019 -66693 -67414 -67338 -66446 -65669 -66731

---dataAOutput---
Not jolly
Jolly
Not jolly
Not jolly
Jolly
Jolly
Not jolly
Jolly
Jolly
Not jolly
Jolly
Not jolly
Jolly
---dataBInput---
10 15 7 2 -1 1 -6 0 9 8 12
10 15 7 2 -1 1 -6 0 5 6 10
10 10 9 3 8 -3 -10 9 -4 -9 8
20 1 12 3 16 33 41 47 40 44 39 54 42 41 39 49 68 52 70 84 87
20 -16 -17 -15 -18 -22 -17 -23 -30 -22 -13 -3 8 -4 9 23 38 22 5 -13 6
20 -4 7 9 1 19 11 -11 13 17 -7 -18 -16 -15 -15 6 -17 15 -11 13 -17
2 1 2
2 4 4
30 18 17 15 12 8 3 -3 4 -4 5 -5 6 -6 7 -7 8 -8 9 -9 10 -10 11 -11 12 -12 13 -13 14 -14 15
30 12 -3 -1 25 5 -3 26 19 1 -16 9 -2 7 2 -10 -4 -1 0 -10 17 13 -3 21 -7 16 -6 7 -12 2 -19
30 -1 -24 26 -1 -24 15 26 18 1 10 28 -21 -12 -17 27 25 -18 -21 -30 -27 1 22 -21 15 -5 -13 6 5 28 12
3000 7 -92 -2750 -3010 -3279 -2341 202 -2601 -3024 -1977 -1761 -4503 -6376 -9333 -6501 -5326 -6077 -6434 -5627 -2662 -5073 -3533 -2123 -4686 -6103 -4927 -6424 -8846 -10860 -13813 -15271 -13097 -12218 -10833 -11103 -12174 -14451 -13174 -13094 -11936 -11347 -12389 -11809 -11275 -9208 -11175 -10080 -8853 -6436 -5358 -5181 -6022 -4881 -6215 -5344 -5602 -7923 -5191 -6785 -6955 -7454 -6458 -7089 -9154 -7490 -7892 -5287 -4754 -6612 -6142 -3393 -1499 -2923 -5330 -4753 -7623 -8514 -6667 -6118 -8928 -11550 -12440 -11829 -13336 -13449 -10743 -11016 -9238 -9407 -6994 -6136 -3813 -5818 -5561 -6168 -5852 -5088 -6161 -8672 -10427 -9770 -7321 -6568 -7296 -9285 -10240 -7867 -10479 -12973 -15092 -17366 -18121 -18199 -18559 -18737 -20673 -20143 -20363 -21345 -20097 -20737 -19017 -18442 -17736 -17260 -14912 -12903 -14346 -13454 -14269 -17154 -15012 -14126 -14516 -14927 -15340 -12833 -13127 -15377 -12962 -12315 -10073 -7834 -10178 -8715 -6513 -4132 -4119 -6237 -4951 -6007 -4989 -5818 -7119 -8619 -10281 -10933 -11559 -11909 -12262 -9841 -9623 -8623 -8878 -6816 -8659 -7600 -8064 -10298 -12862 -11679 -9219 -7856 -8244 -9426 -9365 -6698 -6842 -6617 -7668 -8712 -10060 -10408 -12546 -12635 -12691 -11552 -10115 -10830 -12159 -9591 -11899 -8993 -11498 -8671 -6101 -4435 -4800 -3157 -3243 -1216 -444 2414 1927 -1040 1050 -1078 -2914 -1240 -410 -1864 191 2123 4204 2727 4394 4757 5043 2571 299 2205 3875 3943 1586 601 1110 536 131 2524 4742 6660 6770 8408 7400 8777 8289 9586 11570 12042 11688 8988 6985 4456 2683 -111 -2791 -2799 -5623 -8104 -8383 -9925 -8937 -10451 -10104 -9740 -6812 -8129 -10484 -10728 -12340 -10712 -8431 -8364 -9928 -11307 -12436 -13568 -15319 -12369 -9510 -10659 -10418 -12494 -14183 -13320 -10406 -11056 -13886 -11618 -9631 -7871 -6026 -6165 -5278 -2569 -2955 -2207 -2459 -3747 -3360 -1133 -3732 -4013 -3256 -5538 -6434 -7769 -9696 -6834 -4393 -3457 -4092 -6007 -3654 -4428 -1797 -2529 324 1353 14 -2093 -850 -583 -1222 -3349 -4459 -3576 -4683 -6241 -4639 -3308 -468 -1252 -1298 -337 1733 2837 959 -932 777 -470 -431 2537 1728 2625 2572 3808 3474 2232 3929 5611 2796 2961 5384 6309 6624 6886 8074 9974 12589 10233 10589 12130 15063 13452 11322 13043 15504 14028 13607 12117 9317 10156 9704 8933 8147 10295 8454 9479 10855 13757 12675 10619 9653 12492 15213 14128 14765 14793 16368 17077 17454 19973 21099 18760 17574 16096 17633 16089 15114 17833 18923 20531 19275 22061 22369 19696 17491 16998 18628 19389 16416 19058 16684 18110 16222 16141 14830 15044 12758 12441 15199 12665 10643 11858 12291 12715 15385 15455 12919 14507 16962 16039 18938 19736 21659 21714 23949 26661 25057 25867 24282 25967 23571 23278 24513 24953 26855 29104 28784 31456 29935 30836 30784 33450 32239 33908 33314 34038 31143 29139 26494 24949 22308 20047 22043 24125 21497 21509 23014 25679 23054 21960 23999 26694 26153 28651 27582 26280 24086 25090 22305 22499 23905 23885 25177 24341 23932 24919 27731 25753 25743 25684 24510 26673 25930 23730 23238 25268 26610 25359 25785 28001 28563 26668 28685 31213 33941 36634 36906 36219 38810 37593 35591 37649 34655 31813 29891 30764 28822 29880 31709 29953 27581 25683 26722 24251 21576 21488 24294 23263 24552 26921 26712 27174 27928 26566 25348 26411 23504 23822 21569 22670 25566 25522 24080 24240 27128 24935 22409 24475 23489 25540 27389 28698 28193 28871 31753 30893 30922 32386 30176 28939 26951 24084 22752 22371 20376 20292 18407 21322 23751 22060 23203 22675 25106 26541 26209 28977 27443 27877 29684 30967 30748 29461 27592 27858 26406 27905 28214 29782 31572 29680 28147 26531 27652 25365 27140 29954 27687 27781 26463 29215 27260 29439 26888 25953 26295 27714 26545 27062 27803 26840 29249 27387 27699 30045 29052 30949 28432 26143 27069 27546 28776 28801 26262 27139 25402 25568 27613 27747 25446 24358 27244 25860 28166 25775 27514 26516 29280 31423 28438 28064 29872 28626 25935 28613 30913 32544 30866 30916 33425 34169 34428 33892 31747 32225 33925 31076 31172 28901 28605 26911 28204 26303 27019 24335 24101 22979 23225 25047 27058 26456 27159 28419 29741 27576 29043 27486 27335 28385 29630 26721 25228 27631 29535 29854 26902 25524 27125 27722 25404 23350 23198 23341 22168 21884 23694 24713 23580 26142 25283 26344 27291 26800 27632 27448 27480 24689 25716 24260 24360 22274 21992 20628 22911 20422 21560 18601 17824 18795 16770 19322 19561 17904 16821 17469 20412 17825 15819 14762 15606 12880 12367 11054 8287 9910 11928 12450 12044 9702 11968 10201 11051 8070 7966 7029 6844 6658 4859 6618 6063 5750 6458 7561 8385 9797 7960 7769 7218 8477 9181 7149 8383 5943 5708 6393 6541 8051 8784 9650 9213 10141 7771 5449 7202 6704 7834 5183 7467 9045 10284 9459 9970 10633 11826 10001 12230 10844 13359 13133 12442 15329 16361 18779 18081 21020 18358 16338 16950 14234 12052 11273 10918 9591 9836 11972 14735 16743 17173 17340 16946 16483 16480 16153 13699 14326 11900 12183 10013 8902 11880 10089 10332 10767 9397 9167 7297 5422 3785 855 1618 1170 -1592 1014 2402 4149 6657 7853 6120 5752 5093 2353 5285 8081 5894 3850 4277 2122 651 -375 395 -2499 -1946 -1209 997 918 626 3467 4724 4757 5677 7503 5312 6246 6793 6173 5338 2457 3942 984 2234 255 1771 -862 282 1961 4530 5225 7558 6023 6060 7572 7510 7602 7128 9189 9091 9238 9528 7886 9536 11284 12415 9654 11852 10348 10135 10707 8590 10889 10872 9307 11226 11529 8786 11393 12944 11765 14193 16009 14847 16875 14030 15386 16504 15073 17629 17375 19828 18207 20930 18562 15808 17674 20314 21890 23388 24980 27086 27898 30258 32754 35510 35239 35326 34601 34563 33586 32228 32374 31430 29894 29876 28455 29274 26363 27267 27338 24540 22163 21352 23353 25854 25328 26935 28335 26540 28384 30982 28348 27063 25361 22437 20004 22247 20656 21598 21923 23618 24383 26777 28350 30917 30503 33088 34765 34609 35867 34916 34718 37707 37908 36653 38239 35924 33020 33982 31536 31472 34076 34233 33857 34403 37147 35779 33554 30676 29123 31267 31420 34022 31307 33178 31016 31989 31260 28816 25819 28790 31004 32017 32719 31272 28802 30719 30574 27891 28014 26211 26877 27521 25848 26902 26333 28052 29104 30651 29681 28646 30400 30237 30172 30695 30922 31474 32823 32373 34139 34907 35217 37357 36230 37342 34404 35326 37403 37010 39337 37767 37762 35810 35634 33342 30906 32030 33102 30929 28818 26738 28465 30237 31925 31626 32017 32040 34470 33988 32173 30642 31043 30582 27703 29527 31820 33675 31093 32025 32930 33325 33316 30828 33784 32480 31097 28441 26667 25187 26812 27440 25871 25713 28544 31444 32017 30860 33570 34413 37306 38478 38890 36403 35029 34936 32365 32142 34620 34102 35621 36577 34467 34295 31490 32190 31097 33706 31795 33197 33563 32763 35247 37760 37563 35299 34969 35816 36347 37779 35041 37441 39362 37338 34759 36053 36075 33970 35756 34565 35554 34377 36529 38293 40116 37308 34792 37292 35742 34248 32894 30935 31963 33397 33572 32871 29902 27685 25737 27605 27639 25963 23547 22673 22228 23066 22279 19605 17181 19757 21149 21699 19261 20459 21684 23661 21916 22771 23002 25567 23180 21909 23723 24139 26021 27297 28528 27365 28398 30191 31186 28573 30821 29516 30247 29876 29407 31440 32585 33860 33376 34576 34504 35217 34391 34835 32900 33770 35838 36671 36994 37687 39469 40461 41535 40015 40808 38669 37336 38615 35951 34836 36885 36487 34496 33556 34123 34642 35643 33245 34970 36171 33414 34220 32709 35457 34070 34869 37608 38508 35687 33705 31918 31861 34490 31544 29181 30604 32826 33776 32653 30108 29374 32081 29895 27412 25343 24758 23053 25692 28479 25889 23187 21019 22520 20887 21479 23435 21647 19264 16430 19223 20935 19130 16351 18909 18612 17631 20254 23037 21466 20067 17620 18372 17150 19582 19789 18988 21932 24121 24607 26370 23680 24664 23876 24323 21501 23321 21067 20350 19560 19156 18110 21097 20549 19932 17016 15950 17664 17078 16126 13236 14745 13262 14457 16690 15712 15241 15696 17286 16283 18412 19582 20484 19896 22018 24807 26754 24574 23163 22914 21485 21562 24182 21909 21580 24340 25196 23400 25714 22989 23153 20262 19889 19816 20392 22927 21183 24060 23039 21221 22587 23758 24022 21742 23554 23332 24484 24095 24478 22970 24741 26179 26681 25000 22090 23704 24769 23948 23189 23094 25563 27746 27619 26252 24218 22468 20264 22786 20921 22191 19469 19329 20994 22267 21987 21709 18917 20232 17673 15339 12802 12813 14554 14573 16774 14050 14795 16927 18299 16354 15698 14149 12837 11669 9178 8697 11183 12921 11225 13225 13435 15901 17809 18498 18260 19734 21352 20759 21400 20102 19285 17450 16501 17804 20517 18226 18829 18494 19089 21130 23122 24182 24343 23904 21133 24112 25457 26111 26682 26897 26680 24099 25676 28355 31172 32195 32193 30841 30958 31316 28986 30085 28202 28899 31701 32230 29417 26648 25420 22804 22019 21682 20359 23334 22403 22886 24621 25348 27407 24922 24241 22388 20485 22639 25380 23947 26606 29495 31543 32567 31287 29059 26999 28021 27568 30154 32519 33863 32433 33253 35500 33238 32807 32458 35084 33378 33454 32766 30404 30986 28125 25720 24157 22891 25756 24488 23063 20587 21229 22183 20239 17984 20907 21401 21860 20447 21797 23661 23853 24320 22807 22415 21196 23405 24056 22594 22818 21296 21883 22001 20070 22624 20326 20024 18825 17115 18384 18804 18797 21146 23327 22766 20233 17297 18238 20295 19725 17924 16276 19005 16905 19454 21394 22377 20922 19735 17846 16965 16322 16011 16630 19148 16366 14393 13723 13178 14478 13121 12821 10778 9438 9257 10940 9504 7899 9558 6637 6607 8903 11102 8667 9975 11501 9400 11029 8857 5887 6551 4587 7131 8839 6366 4514 5490 3692 5258 3952 3149 1527 2750 5622 7737 8622 5918 6403 8030 8226 6298 8898 6685 6961 4049 3690 5726 7766 5068 5974 6712 8816 8154 8237 7272 8763 8575 5670 5327 8291 5465 3351 2270 3857 1528 2605 1575 -519 -2495 -1827 -1443 -1061 1036 240 473 3395 4602 1832 1051 3788 4634 4745 3354 5443 6540 4173 4179 3013 4333 2213 1346 4141 1810 629 -1424 4 2499 1619 -856 914 -1661 -612 -1196 -2692 -2737 -5062 -5645 -6533 -5998 -6449 -7529 -8998 -9193 -9803 -7878 -6914 -7393 -4935 -6958 -9498 -8032 -7360 -9824 -11981 -10765 -9615 -11531 -14286 -16889 -15883 -15862 -13798 -16745 -16221 -14075 -15426 -13040 -15967 -15064 -14654 -13840 -15602 -15660 -14457 -16776 -19738 -22510 -21543 -20498 -20407 -18846 -17148 -14208 -12557 -14745 -14185 -13731 -11034 -12967 -10557 -9897 -8821 -6384 -5779 -6515 -5919 -5829 -5515 -3289 -6153 -3957 -3328 -657 -1881 -4601 -2063 545 1111 2961 5805 8742 7000 6869 9483 11833 14479 13984 12688 13318 13834 12260 15248 17979 16785 18934 21553 22264 24000 22087 24772 27329 25723 24088 25920 24311 21787 22644 23062 25426 26398 26338 25615 22739 25729 27138 27010 25696 28476 25657 27973 27545 29513 31783 34040 31967 32135 30201 31100 28413 30062 32114 32894 33809 31451 33405 32124 30735 27988 27180 29810 31451 31160 31505 28513 29305 32106 33661 34770 35439 36843 37837 39217 40676 39901 40103 38028 40057 43029 41405 43670 44283 46964 45312 43481 41507 41129 39272 36420 36657 33765 33094 35795 33140 35899 36372 35365 32510 29667 30992 29281 27454 28905 28448 27356 29346 31143 29836 28857 30826 32812 31486 29439 27936 26739 24498 25500 27294 28952 31651 34172 37007 36123 34407 34712 35293 37144 39550 36918 37842 37236 38851 41475 40563 43434 44323 45639 47363 47110 48727 46422 48583 45732 48098 48654 51186 52303 54539 55849 55912 56416 54753 57129 55034 53488 54766 54404 52686 53948 52400 52067 52981 55376 57030 57709 57422 57476 57436 55110 53430 51696 53330 53055 53181 55965 55044 54047 53811 54236 56433 53806 51669 54345 57096 55209 55329 55943 55244 55073 56455 54240 56660 55176 55943 57789 59629 58618 60743 58584 60177 62137 62163 65162 65463 64307 63078 66055 63836 66303 66197 66798 69100 67480 68686 67018 64926 64244 65599 66589 66174 67680 65571 64281 62836 65292 63803 64846 64001 65056 67906 66093 63483 63882 65781 66399 68031 67357 64807 66750 64619 63484 61458 59931 62343 64727 67247 66982 65778 64927 64281 66251 67597 68379 68403 68583 69405 67297 67974 65271 64155 65308 63565 64732 64595 66371 64275 65422 63044 63541 64044 65604 63855 63486 66472 64732 63716 63273 61263 60037 61226 63239 64277 66565 66950 64838 62630 65112 65126 67764 65103 65107 65240 66104 67865 65781 67905 70806 67949 69134 69085 67144 67819 69988 71513 71618 74438 71979 74064 76080 75995 73004 71195 71526 69099 69952 70453 72910 75142 75370 72372 70924 71466 69403 68458 66943 66970 67331 69303 70119 68041 70353 70468 68522 68619 68111 69402 66977 64602 66792 69023 69321 67425 65146 64237 66274 65034 64054 66937 67693 68554 71102 69838 71985 72495 75203 74942 77321 78762 76189 75567 72585 72921 70754 68579 70544 72903 73462 75152 77359 80003 82964 84520 86299 84894 84762 82310 83737 86326 83609 83173 81820 83417 80652 80545 78381 80127 81286 80418 81249 78450 77740 78780 77250 78957 77487 76727 77099 75752 74223 75616 75475 75427 75463 76229 75451 72783 69828 69629 72558 73433 74823 73131 72891 75418 73931 73113 75204 77586 79241 78009 80187 80234 80641 82988 83150 81756 78831 76968 77176 79578 79652 77015 78574 78912 79602 81423 80640 83030 80034 82210 80621 78232 78865 81140 80680 82679 81035 79960 82190 80260 80049 80614 81094 83783 85631 84270 83050 85896 83185 82455 82835 80658 83556 84877 85352 84480 85701 88437 86653 89152 87181 84958 85973 83356 84283 87111 89934 87021 85368 85806 84367 84560 82284 79706 81159 79161 76560 76459 76170 73507 71749 73707 76555 79336 80992 80876 80227 77533 74700 72175 72811 75210 72878 75762 75070 72949 73865 71853 70955 70346 72541 74080 76324 79284 79725 78344 76746 77573 78687 79031 79319 77196 75831 78202 81071 78777 77778 79491 80238 77658 75037 75139 73744 71725 69260 70841 69500 67670 68136 67203 67358 68023 70525 71844 73698 71805 73208 70950 71549 68713 71243 68646 70292 72131 73079 74692 72433 70262 68342 70990 71748 71028 68255 69334 67894 69396 69314 69299 70878 71110 71269 73520 71540 69901 70820 67854 65282 67324 67473 66935 65206 67289 67611 65080 66884 68841 67912 65649 64581 65618 68300 67160 64483 65115 67833 66068 68965 67084 65090 62766 62223 61556 64363 66465 67925 65065 67933 68629 67910 65462 64908 62873 65689 68423 69904 72564 70567 72347 73073 75380 75708 73836 75080 77891 75582 73254 71412 68759 65955 66749 64270 65450 63574 60886 62214 64677 62511 64296 61522 59791 60312 62549 61855 64684 66988 65150 64775 63688 62635 62743 60602 60202 62086 64184 62305 60084 58512 59714 61675 62695 62091 61955 62795 62026 64971 62978 63827 66484 68068 67856 68259 70352 72612 70261 68174 66844 67935 68726 71310 71424 72844 72537 72263 73349 73861 75156 75403 77556 78561 79815 80663 78756 79747 77621 80307 79684 78089 78912 81838 83989 83432 84975 85394 83191 81668 83118 80807 79546 79176 76268 73450 71667 70554 70400 72047 71522 70579 72294 72345 69470 69435 67991 65201 64603 63189 61937 61284 59467 58678 58352 57731 55792 53990 55975 57594 58428 56551 59469 61747 63710 65293 65467 66476 67330 70065 72153 72659 74331 73723 76640 78368 81248 80070 78237 80534 79285 80498 78460 78183 78434 77309 74446 73147 72039 69989 67013 68382 68177 68950 71930 70533 71786 70581 69340 71791 69719 68635 67928 69212 70107 70745 70935 69868 69977 69398 71609 72209 73616 76413 74193 75773 73435 71031 71173 71429 73289 75686 77878 77223 76919 75735 75208 74524 71950 71418 68863 66117 69101 70163 68788 68967 70113 69818 71951 69590 71725 73457 75009 76169 74720 72132 74467 71901 72698 71688 69738 68526 68984 67850 68626 67462 69930 71036 71914 74664 73869 74527 77352 74369 71865 72015 71425 73972 76621 79174 77682 76144 76760 78588 80514 80395 80935 79026 76612 76116 76467 77188 78661 76437 77151 74200 71412 71428 72297 74103 75199 75241 73784 74691 77345 79784 82453 81914 80318 82761 85599 88182 86736 85777 85162 87374 88327 87225 84824 84144 83471 81787 79151 78722 80589 79322 78168 80674 82377 85250 85884 87835 86142 86679 89176 88348 85353 86058 85568 87285 90141 92051 89116 88538 91316 92066 89554 92485 90997 88436 86507 86915 88667 90936 91500 88747 90818 93159 93037 92691 92226 94521 92555 93619 95181 95364 94245 92264 92512 93977 91931 93868 96124 95311 95826 98146 100449 97475 96789 96226 97808 97003 97547 94693 95072 97562 98284 97315 100234 102390 100968 103478 101503 102998 100035 97489 99563 100365 102906 103044 102978 104349 103881 104855 104503 102777 104301 105900 108834 109764 108366 106763 107331 105531 106601 108390 110251 108135 106797 107765 106422 107184 107902 105617 103916 102148 101880 101141 103759 105516 107161 107049 109389 112198 113334 115021 113116 114588 115870 113227 114642 115233 116423 117285 119673 118990 118650 120540 121165 123857 123401 122666 121649 124598 121853 121514 123859 121084 123607 122211 122923 123669 126610 128071 129731 129558 129316 128576 126545 124395 122043 123902 125310 126324 128236 130728 130685 128702 128335 127377 126438 125175 123295 123170 122724 120625 120319 118615 119988 120430 121282 123004 120511 122695 124935 125010 127657 129842 132477 132607 131559 130084 130584 129442 128600 128782 131434 131634 128787 126342 126831 129423 130383 127823 130303 132463 133931 134194 131291 129681 129005 126902 129256 127984 128726 127308 129323 131261 133991 134423 135941 136835 136631 138354 139388 141302 144139 144018 144342 142941 144041 142415 141507 139190 140295 140364 140405 137902 138820 136510 137702 139655 142249 140574 138124 140461 142295 143823 146113 149055 147847 148758 150429 149220 149117 151579 149630 148720 146990 145835 144707 143347 141340 143814 145625 146637 149557 150831 151345 150825 149592 151478 149999 147761 148183 149844 146851 146530 146343 144562 146129 143687 144563 143349 145960 147492 150085 150288 150517 149872 152467 154625 152848 155625 155501 152635 152011 149306 152002 153484 155827 153094 152257 151508 153108 155704 158017 159503 157026 158666 158697 160553 160268 161225 162994 163501 162177 163863 166199 167991 165572 163873 164094 163212 162551 159775 158686 159847 157333 158226 156961 155037 154001 154918 157310 159690 160494 159374 157129 157264 158900 161152 161358 158484 161026 161367 164321 163083 164220 162107 164684 165832 164416 166550 164304 165217 162783 162972 163421 165829 167165 168984 168983 171697 171947 170796 170238 169073 168208 165260 168026 170047 168949 169078 169474 167395 166449 167490 167093 165883 168610 166736 169121 166471 168433 169987 171346 172863 171526 171109
3000 -1604 -2878 2043 -1241 -2118 -1446 276 -1991 -1322 -2346 669 859 145 1204 -198 -2066 33 -1638 1186 -2804 -822 -59 -699 -1461 -317 1722 2482 530 -2082 1034 -148 2299 2575 -53 627 -415 1773 -2763 -2449 437 -2680 -2962 -1355 468 2552 -2833 -937 -2407 1481 1819 2944 1514 -2053 940 -967 1576 2862 1459 -2056 2871 -2600 -2018 2899 2626 1190 -1527 923 1334 -2472 1578 -2065 2965 564 29 2736 2387 910 -2374 -2751 -684 -2790 -2447 1504 -1504 -2822 2315 1993 -2052 2249 -1314 -933 -873 -75 2098 160 -2103 2556 2699 1876 -1879 -1537 -1953 1471 -1780 -748 -515 321 108 511 344 578 -876 -1981 -2849 1242 -2597 -54 -2357 2673 -1830 -2458 -1120 357 2585 -1104 -869 1123 -11 -2932 -1803 213 -2119 2676 -2129 -921 -1561 1740 -2462 2773 729 -946 2925 299 2434 -1114 1456 -150 2640 -544 -2686 1594 1898 2815 -875 -356 -784 -2042 -2935 -120 -2724 -2808 -193 -2005 2893 2243 377 -473 -989 125 -2043 641 -2805 -2264 -1119 -2022 -324 -2056 -16 2875 -2706 -1374 395 -2779 1591 -2710 1664 -2180 1239 772 -2380 -921 -89 102 2211 1094 1453 2246 -1784 -1358 -192 -2650 2337 -2038 -1083 2864 1993 -2024 -1719 1606 -888 -48 820 -1205 2372 -1655 1859 -640 -1642 2483 -1614 66 -2256 409 2578 -2321 -222 1397 94 1571 1619 -1987 522 -2468 770 -314 2482 -2515 -1443 1516 2755 -1199 -2940 -2588 -404 1375 -2359 -1569 -1454 1871 -111 1319 -62 2740 784 2444 1913 1270 818 -2731 -2172 1983 83 2879 1779 -1766 -80 -2214 1382 2128 187 23 -2662 -887 1218 294 1526 2287 1137 -1722 2125 -1091 -1585 1724 -544 2223 2524 -2793 151 524 1755 -1738 2406 -1017 -1464 1065 -1826 -226 -2078 -325 2984 -254 1858 1617 2390 1872 -15 -2729 2136 -2708 223 134 448 2806 -423 1090 -2275 -2366 97 -1491 2689 -1560 -1496 -216 1876 1103 -1550 2249 -1355 -1531 772 856 2122 -2637 2685 2544 1791 1676 1261 1128 -240 -1408 2886 1572 329 -1420 -2672 868 2164 1171 783 1702 -266 2240 2991 1517 -137 -2514 -1183 2223 -2844 -888 1387 -576 1828 -319 -778 -541 2518 1649 -819 1400 2512 1754 -2944 2564 2127 -57 2982 -358 1544 1672 -1482 -543 2859 -2476 1821 -2353 -1343 247 870 -937 -1120 1435 2555 -506 -2865 2729 -2764 1306 -249 1973 1859 439 287 -335 -356 -875 -2729 -1104 426 1239 1085 1904 -335 2303 -1848 1540 2802 -1330 1859 2207 535 -2590 -1522 -1748 390 -1427 26 556 2082 609 -1489 155 1281 -946 -2096 -1027 956 1533 -619 -600 -1313 962 -1827 -1756 2460 2801 -991 1738 -55 -1947 1514 2790 2476 1791 -2903 -2517 -799 -1907 760 393 2084 -502 1808 2644 -1668 1361 -1216 1233 -583 -2493 -2698 -2370 -864 763 -55 -831 -2720 -1999 1115 1829 1266 -856 2674 204 907 2077 -2562 -196 316 -248 -843 1837 -2990 1402 -361 2152 -1565 -1423 100 -2774 -736 366 -129 -572 -446 408 -818 756 677 1450 29 2631 -1402 2841 1266 217 2625 -2435 1382 465 1497 1694 1085 -1588 -311 65 315 -1019 263 -2109 -896 -109 -1326 1138 -361 204 1181 750 -2759 -1811 -953 114 1474 502 -636 1468 -2682 1304 397 797 2436 412 -2401 -2966 1014 -1532 860 1506 2405 1875 179 -2015 -2047 -1548 -31 233 -1989 -268 486 -1620 -691 -2897 -1011 -923 -1712 2823 -2466 753 -501 -866 -1236 1625 -2259 1185 -2624 -2879 2333 355 -573 2795 -31 1310 2928 -2892 -1028 -1734 -1940 2816 2562 2155 2761 65 753 -1785 139 2308 1394 -785 564 1021 -1693 2359 -964 1646 -1253 1142 -881 -2939 2933 -1073 -531 2945 -2353 2616 -1091 109 790 733 -415 -101 2396 -2405 613 -1570 -1941 -463 -1869 -1420 -873 -399 2935 1941 2513 -2662 -483 1371 -2264 2227 154 1695 90 99 -1295 2437 1258 -1389 1891 1219 23 -1533 2345 -1762 -2565 -1348 -2865 -1872 -637 1398 37 2571 -1953 -64 -1051 -2718 -1063 2909 759 2384 -1203 895 -960 -2913 1319 -2105 1156 2423 -2510 287 -1859 2105 715 -1172 1711 1402 -1791 71 -372 821 28 -870 -2055 -741 651 1812 -2120 65 217 741 -1010 -1802 2650 2531 -415 -1 2550 1781 -2673 -2111 1780 -1962 347 -379 2420 -2648 370 2239 726 -989 360 685 1777 -2077 -1211 2785 2013 -1040 -520 296 618 2785 -987 -1792 413 -2150 611 1242 1282 -2427 1089 -1915 1704 1141 -2933 1136 -279 -2059 1231 2914 -1252 2510 2107 1254 1420 1675 895 -2461 -601 -2979 2761 -565 -1567 -1021 -2271 1530 1275 722 131 -2189 -700 -2338 595 1243 1337 773 2982 2674 1949 1496 2956 -814 1335 2711 -2787 2823 523 -2744 -245 -1348 586 -2756 2576 -439 -2582 1861 -1239 1012 -890 -672 2313 2164 -126 370 788 1853 -1611 -1418 -287 7 -1627 -2862 -570 -1265 1327 -2202 2217 -57 1628 -1169 -1870 643 85 2453 2886 841 540 220 2293 -726 -1561 -847 -873 -2941 1431 -2757 923 1777 -395 297 -2861 -677 2392 93 -840 2366 -2062 -2950 313 2115 1829 867 -1393 -1870 2051 228 2260 2508 -1326 2470 -2175 1470 1424 -2147 -678 1073 2752 -1557 -2792 -1575 2856 -1497 501 -1700 -1782 2508 -1265 -1689 -1655 -512 2460 2643 8 -417 1971 2378 586 2571 -1044 -597 1217 -245 -118 231 -2032 -1174 -2050 1414 -2469 -961 -1017 -1091 348 -1246 -411 -295 -1778 -707 1556 -872 1684 -827 -2816 2421 -1703 2463 2634 2299 -1384 -2998 738 1244 -1266 1946 -1456 -1264 1147 404 -230 -2304 1385 -2280 -2776 743 -2234 -298 -2237 146 239 2683 2659 313 -1897 2304 -2049 -1438 2206 -169 989 2201 -1894 -2666 421 -2380 2366 897 -1338 1461 -2669 -1848 -97 -2737 421 -49 -1520 1222 -924 -2308 2377 1173 -1818 222 1340 1395 2442 1079 1584 2959 2765 -2335 1263 2538 -148 1585 -1930 2886 2627 -1509 -642 790 1591 1604 -846 -2153 1922 -2154 905 -2158 2359 1433 2700 -1797 -934 2662 -2046 1427 -2136 -938 -751 -753 -358 -1775 168 670 1002 -568 1235 1131 -332 -2214 695 -2186 -2352 -290 1234 139 2762 227 -1659 1647 2512 1081 2954 -1393 -655 -1743 42 -187 76 2790 1820 -2862 1167 -576 2444 -93 -2590 -2985 -1827 -2983 67 327 -599 337 -1960 -832 1250 -1872 -2585 1298 -2279 -34 -2778 1920 -2605 41 -2894 -2776 825 245 -50 -2541 -499 830 2281 375 -604 1387 -1426 -2764 2136 303 -450 1844 2950 -1658 -1376 1939 -2287 -586 1152 -928 -1504 2648 1887 -2841 2765 -203 -1398 475 -643 1518 -1368 -2963 841 -1829 1933 -2446 17 -2374 511 2318 2710 -1274 -789 280 -179 267 -1199 -1579 -79 -1590 2380 -1832 -1041 -804 -2747 -501 167 -934 -1129 -1348 1078 1614 -2529 -2890 -2261 100 198 1998 -1116 2837 -2506 2203 -2203 826 376 -271 1418 -1414 -1964 -2866 1930 -2020 -1191 1418 2874 1171 -121 878 1899 -1998 2806 -2375 -1990 2462 407 -1406 -2052 -2239 1331 2934 -1104 -1738 2993 2925 -1273 2532 -265 2983 2732 329 -1578 -2221 -1893 -980 -2023 -148 -622 -919 -2601 1184 -2969 -2543 2564 1978 1052 1683 1454 1780 247 2359 -2948 2770 1251 -1813 1680 -2397 2390 -1233 1325 -1606 -2774 2506 -402 2235 -2347 -1406 -527 2276 -2122 -1438 -1503 -1443 2206 -1191 -2355 -1808 -2656 -925 -1657 2475 164 -1967 -1486 1319 -1003 -1730 1593 -2322 2838 -2746 -711 482 -449 1524 1397 -985 -586 -1390 -848 -1870 1499 -1523 -940 956 -2498 2523 1485 1202 -1124 2077 -588 973 2605 2603 -2217 -364 -2605 919 -1129 1286 -1278 423 -1619 61 -2602 -2858 2908 -2545 -1677 -2352 -316 707 1111 -1807 57 -997 1134 -2050 -181 -1921 -1857 2851 -2349 -1529 -1972 2612 -2897 -902 -2735 1984 1039 2911 1032 702 -1633 1287 1521 542 2571 1558 -1321 -1740 -1980 -558 -306 2026 1687 2016 2807 2232 156 2045 -2121 -715 -977 -2782 1499 1539 1977 -1760 -1518 678 1486 -2328 -2899 2312 2017 -2713 2951 -372 -1583 -1461 2104 720 -399 2498 -444 -1127 -553 2023 534 2307 375 2330 582 2145 -1234 -2068 -2257 -1101 -2278 1574 -693 467 365 978 2738 -2874 -1800 -2564 -374 2430 1890 -1281 -505 1309 1855 -1482 3 389 1195 -2597 1118 -648 515 712 -1835 2249 -2461 -1545 2551 935 -1060 1030 1860 2885 2616 -2597 -2929 1289 989 2013 553 10 -1200 -2964 2156 -1747 2372 -2732 2214 1135 -2966 2347 -489 -2281 2845 1399 -2430 813 -1511 2594 -210 258 1160 2455 2451 -2851 1554 -738 -2301 471 -610 -2903 1067 2371 -1257 1956 -2092 -891 1848 2625 365 1450 605 -1420 899 1393 1897 1337 -2272 -1060 2626 2526 2621 -2990 -2339 1468 -2400 -650 -2376 232 -303 1228 -2682 1008 889 -2078 -476 2214 806 -828 -2991 757 -218 -998 -2202 -578 -973 -679 -2008 -115 581 2919 -581 584 -1085 1421 -1611 -1387 -1249 -2192 617 2961 -1949 -1648 2554 -2835 -1537 -1708 -1822 -638 -1787 -2072 2315 2254 2275 1193 -597 -2545 447 2183 -1565 1412 226 1737 75 -178 -2450 -1635 -2261 -2638 2763 162 -1378 -499 1776 2605 1561 -581 136 754 -813 193 -172 647 -771 -2388 -1073 1605 180 1553 49 825 1320 -1910 1075 2678 1285 -435 -2580 2913 -65 2091 -1225 354 -2780 2099 -1727 1667 -2959 -2235 -1458 -2456 -998 2933 2115 1281 2852 2856 1677 1697 -980 -217 2339 -1219 575 2688 2550 -1556 666 451 170 489 -693 1761 -2084 2381 -2938 -1874 -1324 -2879 298 320 2662 -2892 -162 -1610 -2030 243 -1659 2099 821 685 -1152 -1192 -743 -2132 1728 2671 -1010 -604 799 -1283 -167 -1664 1020 -1634 2928 1555 -1715 294 1210 653 2802 -192 -1731 -2225 1174 -2919 910 1433 -1052 2194 -20 -1949 -373 -261 395 -281 2352 1309 -1652 -1951 -1934 445 923 366 -2801 -359 1891 -2043 -2181 837 260 -973 718 -1459 2673 -748 152 1015 2238 534 -2947 1082 1786 2501 -883 -2690 2202 644 -240 -688 624 2561 338 -2496 -160 1830 1501 -2954 966 1365 928 -2369 -461 -2547 -592 -867 -2142 -2216 1728 841 -333 -1739 1417 -2329 -1389 -2808 565 -2073 -296 2194 -2546 -2995 2303 1510 -2135 968 1714 397 -879 -1574 774 119 -2968 64 -1568 1697 -1608 2899 1229 -2694 -2278 2909 -70 -2298 -1887 2391 -1084 815 -1832 2341 -1773 -239 1503 -2086 -2503 1984 666 -973 439 -1385 2596 -2893 2378 -2018 334 -552 -1752 2366 -2800 135 -93 -2015 2349 774 -2738 696 278 -2476 -1002 -647 -2346 -2010 1524 1751 45 -1335 -2633 -1146 2359 490 -2938 -444 109 -2315 -847 -2908 -2817 2330 -2782 -118 1357 231 -2607 2537 638 -618 639 2854 2202 2566 -885 -1668 661 1137 -1098 604 437 -1165 57 -870 -1006 -696 1671 1999 2003 -1195 -1172 2760 1193 1721 -1223 1011 2563 500 -672 -660 -2216 -1590 -1499 -2791 -796 2383 2193 1155 -2406 -2311 -1547 607 -9 -182 -2228 -2236 825 2749 -1697 -699 842 2129 294 -2205 -1505 2637 701 -1434 405 -81 -65 215 1554 -2008 -2935 -564 -1540 1794 -529 2477 -44 -1682 1305 -1200 2243 -1461 2979 1560 -2407 496 -1215 -918 126 -289 -250 -973 1158 -851 -1515 -2770 1551 940 1404 -1934 146 -2240 2252 -2566 -2589 894 -1803 -2215 1790 1389 -2388 1131 1481 825 2950 1197 1075 2319 2345 -42 2711 1150 2122 -109 -2344 -421 -358 -1329 -404 1094 720 1303 1909 355 -74 -1900 -257 -2980 1493 -1319 -2182 2743 1957 -104 1178 -2790 19 987 -1700 2577 1392 2645 -2000 1026 2514 104 2121 -1835 -1317 -2718 -2498 -956 -1839 294 -1534 -464 72 1737 -2404 -1553 1499 1762 -53 -1265 1349 120 -1105 814 1649 2091 1021 1799 1423 -2183 -928 -2487 927 -1027 -2905 -625 996 1898 -2936 -2586 2588 656 -2242 -1487 197 1791 2524 547 1708 2457 -214 -2714 1255 2546 2586 -937 -1971 -1821 2997 2079 -215 1239 2968 -2251 -72 1151 -446 -248 2127 -1094 342 -1807 2549 -1044 2352 -1858 -1279 -2930 -340 -1624 2596 -1025 1261 -2943 -388 1324 -132 -1846 271 2691 890 -2635 -1142 -2738 -912 -1682 2370 280 1135 1635 1803 2834 1396 1493 623 1079 2641 2394 -662 -1893 -1118 -2664 877 -2376 -2984 1091 -2319 -2046 -1133 937 -80 1500 152 -1095 -1395 -841 -722 -1555 -155 2856 1580 1040 -1201 2869 -1636 -2125 953 2047 -1168 816 389 -2589 1881 -697 -1616 2821 105 818 659 688 1399 2675 -1160 2732 675 -1303 -2595 1985 -692 51 -1576 983 2736 -2533 -2973 1180 1456 -2210 -1273 1685 54 184 2390 -1249 -2771 -2959 1602 109 2999 -659 -2680 2562 -416 -2385 1007 -2418 -1996 -448 983 2088 -967 899 462 1091 -2766 -834 245 -405 481 1430 1275 1582 1321 976 2546 -1959 -1006 693 434 2214 2282 -666 -685 -549 1325 2103 -1468 2345 2860 1871 -1911 -1517 1951 2015 2544 -917 -2417 2988 -2126 2078 2254 2168 -1639 -10 1970 -440 -1293 2929 1225 -1734 -1176 87 880 2384 2456 859 1668 -1884 -928 -87 1659 -1750 -2980 -2870 -1497 2578 -101 1301 -1215 806 820 -241 1458 -1506 -482 296 859 -1363 -1554 -2958 2893 -1534 -257 -1444 69 -2383 1452 -142 -400 881 2891 -535 -1842 -2624 1001 81 -940 -1423 -2105 1539 2138 -836 -561 2309 -1178 1799 1187 -2963 -1583 -542 2074 2679 -1187 -419 -661 339 -2202 -270 -307 -2373 2643 -2244 1986 -1317 -1212 1165 -2502 1067 -2058 -680 -433 550 -787 -2555 2671 1337 -343 -969 2747 -875 -1433 409 99 1318 -2905 -460 -1369 1619 -2178 1465 1877 2754 -2296 2044 280 2937 2301 1999 -697 204 -2521 2759 -1170 -2497 2742 -1593 -158 2261 416 2831 -1104 482 1806 -815 -2059 -741 -825 -1223 -608 2446 -378 1342 -514 2543 1929 2972 -131 -206 -2900 -50 302 -2207 2270 -2684 1026 2053 -2378 273 -1558 1721 474 -2715 -2291 -2269 1598 -507 -2843 -2763 1217 1258 1915 699 -702 -2752 -895 2071 521 912 -2838 1242 -1630 -2990 958 934 1825 -2297 -19 -1604 -409 1733 -2034 549 -700 -331 475 -1287 -2760 351 -392 -875 -2229 -204 2633 -1328 -1763 -611 1596 -2757 -2981 -2038 -2009 2997 1280 409 -2968 2224 -193 -351 274 1455 62 -1159 -2252 2036 1414 -266 -2648 -2027 1757 1674 2931 -2340 1279 735 1217 2805 -1623 946 -795 -896 2419 1062 1664 907 368 87 -1696 -2912 -1964 -1561 -2835 -312 -1093 2121 -999 -1200 -538 -1957 1056 2112 2289 2670 -706 1048 -1886 254 1850 -44 1690 1746 -2439 1681 -1516 -1079 2771 308 -1855 -1467 -192 -1447 2532 -1005 1882 2570 -1341 -2738 1252 -347 -657 -1416 1322 2378 934 2565 1725 -1186 920 1345 300 1106 -773 -2037 -630 -2196 -156 -1431 -634 2167 2252 1611 -411 -1017 2153 609 679 -175 -551 519 2506 63 -273 -2427 -2873 999 460 741 -1492 1215 -634 123 2170 -147 1567 -59 -1850 -2364 -1439 -2263 1865 -663 -2662 -1228 1649 -1289 -2707 -1889 941 -2255 1350 -1944 862 -7 1665 -1071 1582 1167 -408 2603 2352 -1202 1334 -1902 1564 -2036 2003 2947 -2729 866 -2619 -287 -2222 -1881 67 -429 -1999 -2344 2501 632 2114 -1539 802 -643 -2531 -48 -2768 2072 -133 -2784 2800 -376 -1898 66 2984 -2086 2508 -2051 -1053 -2619 -1767 -2604 -80 529 2876 405 1020 1250 -2180 -1129 -1125 -2358 1328 -2966 1737 -1136 502 989 -308 2429 2685 -640 381 4 1100 2329 -2991 987 2835 -2292 -2052 2836 -308 -845 -1579 2569 -1268 792 -1358 -1268 -3000 -2153 1060 1342 -1228 -2171 2226 -1355 640 -1730 -1215 2110 1326 -198 -351 -68 257 2983 1774 -2570 -1664 -1681 1390 280 1917 380 2346 -201 -1454 -1680 -2711 1803 1668 -2329 -505 800 -1695 -17 -1250 1291 1410 -775 2255 -1408 2281 2495 2532 1658 -2901 2060 -2006 1077 1619 -2725 -2824 -1992 2846 1796 1465 -349 -69 2678 408 674 -1132 1323 -1824 1409 -2269 802 2364 -624 1980 -2661 167 1189 2554 -1649 -2468 -1375 2531 -94 346 -1669 1792 -550 1099 -2107 -359 -1499 -1487 -706 -891 1228 -2194 -2715 1805 1561 -871 2045 -371 1060 2030 -325 -1546 -109 -2488 -1984 561 1658 2807 -1254 746 -1117 -2647 700 1373 2832 641 1515 2759 293 -76 837 -2417 -902 -2723 392 -1260 1707 -2176 2648 709 176 756 1655 351 2494 -565 -563 2328 -1297 2359 500 555 2490 -2749 -2889 1940 -2816 1283 566 327 1829 -1685 -2576 -721 224 271 79 -2114 -1900 -2301 2652 -1454 2128 -2219 -1090 610 208 -1861 -1284 8 -555 -1313 -1312 -1061 4 2798 -2179 -648 1351 520 -1011 -2880 -2705 1039 -1647 -861 2690 -2203 -1770 149 -466 1481 -1316 603 -2125 -1636 -1885 -414 1890 -414 -662 1579 -1103 589 -294 1812 -15 -1144 -2571 374 2554 684 1601 2568 -255 2030 -1952 -387 2537 -65 1128 -2604 -558 -2435 1342 2537 -816 -634 376 199 1549 2328 -2680 2065 -1633 -2630 -2228 684 -966 -1837 2913 2515 2162 -1140 -2280 368 631 375 -221 -1945 -1667 2386 1384 2555 -2000 568 -369 -678 1378 -2679 -8 2267 -1883 1135 -140 1545 -2275 2488 -844 878 -564 -2106 2166 2796 -247 2578 2800 -427 2553 -2120 -2120 -2300 -2206 753 1101 1138 -948 -2594 2970 -490 2402 2645 1075 1801 1762 2272 2117 -506 -972 -70 2868 2777 -344 1190 1816 39 2730 2334 419 -2013 1431 353 914 -696 -2514 -2971 -2390 -533 2004 2860 -2745 1054 -270 -1488 -2378 72 1085 1823 1332 1873 -1404 2168 2868 -1150 267 -2709 -2084 -2096 836 354 1752 2140 257 1207 1750 -595 -2933 -1444 -904 2035 1591 98 1383 1758 -2234 -2018 -2368 -1879 -523 685 -2185 -484 716 1094 -985 1338 -597 -67 -1703 -2687 -2765 6 2218 1395 -1392 1717 1836 -2063 2660 -75
---dataBOutput---
Jolly
Not jolly
Not jolly
Jolly
Jolly
Not jolly
Jolly
Not jolly
Jolly
Jolly
Not jolly
Jolly
Not jolly
