---code---
//uva10071
#include <stdio.h>

int main(void){
    int v, t;
    while (scanf("%d %d", &v, &t) != EOF)
        printf("%d\n", v * t * 2);
    return 0;
}
---dataAInput---
0 0
5 12
-95 68
6 78
-66 141
3 6
-31 138
-1 42
100 200
26 184
33 108
20 18
-8 4
-1 97
-100 1
45 179
68 57
21 191
36 15
-80 12
17 130
-69 167
---dataAOutput---
0
120
-12920
936
-18612
36
-8556
-84
40000
9568
7128
720
-64
-194
-200
16110
7752
8022
1080
-1920
4420
-23046
---dataBInput---
62 33
-55 79
-29 87
180 127
28 110
34 0
28 91
-66 184
-96 16
25 106
73 14
-92 129
-24 33
0 144
-26 83
-100 200
-14 59
-78 140
-17 36
-50 100
1 87
47 71
---dataBOutput---
4092
-8690
-5046
45720
6160
0
5096
-24288
-3072
5300
2044
-23736
-1584
0
-4316
-40000
-1652
-21840
-1224
-10000
174
6674