---code---
//uva10268
#include <bits/stdc++.h>

using namespace std;

int main() {

    long long int x, x1, temp;
    char c;
    vector<long long int> a;

    while (scanf("%lld",&x)!=EOF) {
        while (scanf("%lld%c",&temp, &c)) {
            if (c!=' ')
                break;
            a.push_back(temp);
        }
        temp = 0, x1 = 1;
        for (int i = a.size()-1, j = 1; i>=0; i--, j++)
            temp+= a[i]*j*x1, x1*= x;
        printf("%lld\n", temp);
        a.clear();
    }
    return 0;
}
---dataAInput---

7
1 -1
2
1 1 1
2
1 -3 -1
0
-3 -4 3 -2
3
1 -2 3
2
-1 4 -4
-3
-4 -3
5
-5 3 -2
2
1 -4 5
6
8 5 -4
-3
-1 1 -4
-1
-5 -1 8 -7 0 9 -9 9 -6 -4 6
2
-5 4 -3 5 1 4
6
-4 5 -3 -1 -3 -1 3 -3
-4
-6 -2 -1 3 2 1
3
-1 -7 1 5 -1
6
-10 -3 -6 -5 2
-3
-7 7 -4 -2 -9 -1 -8
2
-1 1 7 1 -10 3
5
7 -1 1 10 11 -5 -6 -1 -2 -6 -8 1
-2
-2 -9 6 -11 6 -12
-6
-6 7 4 3 10 5 1 -9 -3 -1 -10
-1
-11 4 3 8 13 4 2
-1
1 -8 -5 0 -6 -6 5 6 -1 1 2 10 -10 10 2 -10 3 -8 11 6 11 -4 -9 -11
7
7 6 7 -5 11 8 7 -9 -6
11
10 -14 6 -6 -2 2
-3
-7 -9 -4 -14 13 7 -7 -2 -9 1 11
2
8 -5 -12 -10 -1 14 14 8 5 -15 -1 -7 3 12
3
-2 -4 -9 -16 -14 -13
---dataAOutput---
1
5
1
3
4
0
-4
-47
0
101
7
44
-287
-1093725
-7238
-286
-9041
13472
30
743277407
250
702063431
76
-26
51721892
659558
829549
136459
-1595
---dataBInput---
0
-2 -1 -3
4
2 -3 -1
2
-5 1 -2 -3 -4
4
3 0 2 -5 4
-5
-3 4 -2 -3 5 2
-3
-3 -5 -3 0 1 2 -3 0
-2
4 -6 2 2 4
7
1 -1 -5 0
2
-8 1 -7 -2 -8 3 1 -2 -4
2
3 -1 -2 1 6 -5 8 7 -7 4
1
-2 8 3 3 0
1
7 0 -8 6 -7 3
-1
-1 7 -3 3 -8
-6
-5 0 -10 10 0 -1 -3 -3 5 -2 -8
3
4 1 -11 4 -5 -7 1
5
-6 7
10
10 -8
2
-7 -8 -6 -3 12 9
0
-5 7 7 6 -8 -4 8 9 2 -2 -6 -4 12 10 -9
9
-9 -2 3 -8 12 -5 0 12 5
1
2 11 -6 4 -3 11 -9 10 -12 2
2
-8 13 -7 12 11 -6 -8 -14 8 12 -11 7 -8 10 -4
3
-10 13 -5 4 8
10
12 -15
2
-15 2 5 -13 -14
7
8 -13 -14 -16 -10 4 -14 -12
6
-6 -8 6 5 -9 -8 2
3
-9 8 -5 -10 -1 11 -6 -14 7 6 -11
-1
7 16 5 -13 9 3 -11 7 2 -17 5 1 3 6 -2 -16 -17 0 -14 14 -14 10 -10 13 2
---dataBOutput---
-1
13
-159
779
-11490
-9222
-206
128
-9466
5621
25
16
34
529541326
5120
-6
10
-888
10
-350979711
98
-231906
-755
12
-449
5085948
-326168
-1435569
-18