---code---
//uva11063
#include <stdio.h>

int main() {
	int b[100], n, i, j, t = 1, flag;
	int check[20001];

	while(scanf("%d", &n) == 1)
	{
		flag = 1;
		for(i = 0; i < 20001; i++)
			check[i] = 0;
		for(i = 0; i < n; i++) {
			scanf("%d", &b[i]);
			if(b[i] < 1)
				flag = 0;
		}

		for(i = 0; i < n; i++)
			for(j = i;j < n; j++) {
				if(check[b[i] + b[j]] || b[j] < b[i])
					flag = 0;
				else
					check[b[i] + b[j]]=1;
			}
		
		if(flag)
			printf("Case #%d: It is a B2-Sequence.\n\n",t++);
		else
			printf("Case #%d: It is not a B2-Sequence.\n\n",t++);
	}
	return 0;
}
---dataAInput---
6
1 9 19 -1 45 70

5
1 2 3 4 4

4
7 8 9 10

3
1 3 2

2
9999 10000

6
1 9 19 45 70 150

100
42 109 143 143 212 236 314 372 434 498 503 548 629 656 717 808 903 945 972 1008 1099 1103 1105 1158 1250 1332 1353 1369 1387 1482 1529 1555 1626 1664 1733 1745 1812 1911 1946 2040 2043 2054 2076 2109 2182 2246 2287 2298 2351 2419 2466 2510 2572 2629 2666 2725 2748 2789 2818 2896 2912 2947 3037 3079 3167 3173 3213 3255 3319 3367 3413 3418 3508 3537 3607 3657 3663 3664 3757 3805 3834 3857 3941 3995 4051 4091 4157 4233 4264 4272 4316 4355 4381 4404 4441 4479 4497 4579 4608 4649 

99
36 111 191 262 324 339 346 351 411 506 515 542 624 675 706 770 780 788 803 890 979 1028 1086 1171 1231 1241 1265 1273 1366 1463 1546 1617 1692 1775 1856 1914 1999 2039 2125 2181 2217 2249 2278 2353 2381 2468 2553 2625 2673 2721 2741 2801 2801 2884 2891 2941 3031 3056 3076 3110 3122 3177 3197 3242 3267 3284 3303 3357 3359 3419 3497 3561 3588 3634 3718 3775 3857 3907 3987 4070 4255 4352 4397 4485 4520 4542 4570 4669 4677 4717 4728 4786 4881 4906 4961 4980 5069 5084 5167

100
15 28 97 162 201 210 262 307 400 431 506 556 592 687 771 858 898 985 985 1009 1058 1091 1165 1237 1328 1379 1425 1492 1510 1606 1633 1677 1695 1736 1800 1851 1930 1972 2060 2083 2174 2232 2311 2337 2429 2445 2515 2537 2596 2612 2695 2763 2832 2905 2984 3049 3055 3120 3169 3261 3320 3398 3469 3532 3620 3633 3730 3796 3873 3881 3949 3995 4083 4099 4156 4220 4292 4377 4420 4459 4495 4509 4555 4643 4723 4766 4851 4911 5006 5082 5107 5116 5208 5247 5265 5270 5308 5390 5429 5503 


---dataAOutput---

Case #1: It is not a B2-Sequence.

Case #2: It is not a B2-Sequence.

Case #3: It is not a B2-Sequence.

Case #4: It is not a B2-Sequence.

Case #5: It is a B2-Sequence.

Case #6: It is a B2-Sequence.

Case #7: It is not a B2-Sequence.

Case #8: It is not a B2-Sequence.

Case #9: It is not a B2-Sequence.
---dataBInput---
6
3 7 21 54 -1 154

4
1 13 26 45

4
1 9 0 30

3
1 2 2

3
1 2 3

2
9999 10000

100
10 28 74 116 135 226 269 362 410 489 535 615 647 699 759 803 888 903 945 1006 1075 1125 1185 1255 1334 1410 1487 1531 1582 1670 1763 1849 1886 1947 1962 2000 2049 2117 2210 2291 2337 2435 2443 2514 2514 2606 2702 2767 2859 2907 2911 3003 3084 3166 3264 3303 3317 3347 3417 3485 3490 3502 3525 3592 3614 3636 3701 3747 3831 3871 3916 3992 4071 4113 4163 4227 4290 4295 4308 4353 4421 4460 4516 4604 4638 4659 4757 4762 4793 4866 4944 5014 5109 5202 5278 5294 5301 5362 5374 5413 

100
79 138 184 268 285 334 402 458 469 510 550 555 652 729 772 868 875 904 923 982 1001 1071 1162 1167 1229 1263 1267 1353 1380 1471 1548 1621 1698 1704 1803 1896 1979 2041 2057 2066 2164 2201 2269 2280 2295 2344 2393 2477 2479 2578 2617 2619 2665 2713 2744 2794 2832 2873 2911 2981 3016 3077 3105 3138 3169 3182 3195 3265 3327 3330 3388 3411 3461 3550 3618 3618 3678 3718 3801 3884 3892 3916 3993 4029 4091 4114 4155 4246 4261 4283 4285 4342 4432 4447 4514 4607 4683 4710 4779 4811 

99
25 121 121 211 292 379 453 495 592 596 665 686 747 797 850 936 978 984 1065 1122 1218 1245 1336 1341 1521 1533 1602 1658 1728 1750 1826 1829 1854 1930 1949 2045 2136 2222 2238 2326 2344 2374 2402 2494 2537 2563 2626 2626 2725 2776 2807 2876 2902 2955 2977 3008 3101 3161 3166 3189 3273 3304 3394 3442 3471 3538 3558 3638 3672 3706 3772 3780 3869 3884 3896 3975 4006 4035 4043 4068 4116 4164 4164 4211 4292 4340 4399 4449 4514 4531 4590 4598 4694 4763 4829 4849 4853 4893 4941 

---dataBOutput---

Case #1: It is not a B2-Sequence.

Case #2: It is a B2-Sequence.

Case #3: It is not a B2-Sequence.

Case #4: It is not a B2-Sequence.

Case #5: It is not a B2-Sequence.

Case #6: It is a B2-Sequence.

Case #7: It is not a B2-Sequence.

Case #8: It is not a B2-Sequence.

Case #9: It is not a B2-Sequence.