---code---
//uva11321
#include <iostream>
#include <algorithm>
#include <stdio.h>
using namespace std;

struct Num {
	int  n,r;
	bool odd;
};

bool comp(const Num& a, const Num& b) {
	bool flag = false;
	if(a.r < b.r) flag = true;
	else if(a.r == b.r) {
		if (a.odd && !b.odd) flag = true;
		else if (!a.odd && b.odd) flag = false;
		else if (a.odd && b.odd) flag = (a.n > b.n);
		else flag = (a.n < b.n);
	}
	return flag;
}

int main() {
	int n,m,t;
	Num a[10000];
	while (cin >> n >> m && !(n == 0 && m == 0)) {
		cout << n << " " << m << endl;
		for (int i = 0; i < n; i++) {
			cin >> t;
			a[i].n = t;
			a[i].r = t%m;
			if(t%2 != 0) a[i].odd = true;
			else a[i].odd = false;
		}
		sort(a, a + n,comp);
		for (int i = 0; i < n; i++)
			cout << a[i].n << endl;
	}
	cout << "0 0" << endl;
	return 0;
}
---dataAInput---
15 3
1
2
3
4
5
6
7
8
9
10
11
12
13
14
15
25 7
3
6
9
12
15
18
21
24
27
30
33
36
39
42
45
48
51
54
57
60
63
66
69
72
75
19 5
-9
-8
-7
-6
-5
-4
-3
-2
-1
0
1
2
3
4
5
6
7
8
9
100 25
976
453
116
130
628
797
391
650
474
617
363
373
336
405
609
136
471
464
587
442
216
167
870
966
473
260
185
533
306
173
169
718
540
992
193
732
767
954
347
897
126
351
640
525
276
127
718
699
737
704
233
704
486
903
890
152
245
278
104
457
658
337
263
681
456
329
683
283
730
135
363
163
440
523
862
885
105
400
850
160
662
723
366
390
549
744
823
895
134
153
415
532
981
428
461
403
152
498
484
966
100 27
428
262
89
-62
-319
-17
-282
180
-326
-55
-150
293
-15
202
177
-128
-285
-57
310
142
-281
-70
361
436
-120
15
39
-288
-92
-305
-310
307
311
-55
-75
-412
-240
6
37
-358
57
-14
75
70
-352
128
-186
-269
-214
-29
254
-360
420
-32
197
-403
252
-54
165
-407
65
342
33
-400
-102
193
-96
400
128
-428
-310
247
244
-421
-157
-123
-129
233
-287
280
372
-46
-27
306
-397
-32
95
-4
-70
103
291
317
329
-364
157
241
12
-338
-154
-176
300 59
-269
120
-381
384
234
685
389
523
444
-66
136
709
19
-227
-145
-422
456
-272
48
-205
195
668
449
373
-204
-347
-414
360
210
229
619
715
194
187
520
390
-374
677
-174
81
-10
-31
575
403
-150
-112
93
109
473
220
747
136
-234
620
632
-212
-247
-26
-224
354
-251
228
484
365
-184
282
618
708
130
-314
501
227
457
345
374
-429
299
-171
147
343
-138
504
-409
9
565
296
473
228
700
95
-350
547
-154
-102
-23
313
428
140
690
3
185
248
599
203
412
350
-380
142
542
197
41
-368
-283
-53
-164
702
727
89
61
485
419
91
526
274
-115
142
243
249
-104
426
374
-119
-247
338
447
15
361
201
497
-309
539
632
-88
128
207
-226
370
-384
6
359
331
583
567
-49
-82
-314
-431
73
-327
723
-414
-309
304
-97
312
109
485
-295
342
-430
550
577
-263
549
471
319
667
-168
338
-331
40
313
-340
-158
-65
694
-166
217
491
-126
3
-447
-61
-88
-392
446
431
416
529
176
-68
-384
-118
442
305
437
-322
-346
707
-206
-317
359
-442
-41
406
287
85
-74
-424
50
596
-126
314
490
-173
25
-28
-435
662
-140
412
700
-189
-340
-139
-323
-437
191
502
283
-67
723
-291
-132
-360
554
-396
100
-17
711
-190
-151
546
737
165
-250
330
453
-450
467
212
-320
-195
-155
195
-323
-16
-46
319
684
22
520
626
372
313
62
117
554
299
171
-106
-62
-305
261
-243
406
524
45
128
245
622
-294
-93
621
61
547
3
204
-94
161
50 17
86
45
68
31
63
73
43
24
11
27
27
81
12
74
64
31
74
8
53
38
39
3
64
27
56
2
37
17
32
75
56
39
41
77
22
58
71
3
40
31
46
7
51
72
21
86
75
25
29
85
100 45
416
81
96
83
42
51
176
270
98
168
356
118
300
249
368
273
112
287
382
271
256
352
325
170
302
107
61
252
363
69
289
274
227
132
277
176
343
109
58
213
139
265
400
128
417
206
332
227
405
347
171
311
203
35
101
97
310
333
117
35
74
267
311
198
308
171
323
54
249
139
330
254
76
128
46
118
36
200
151
250
397
253
307
269
285
413
157
382
235
249
194
282
331
155
96
82
108
44
288
382
200 67
271
253
26
87
579
268
230
28
318
-4
145
394
-15
-96
520
106
573
225
491
323
225
187
510
65
535
474
532
535
125
481
29
32
129
79
223
140
303
564
571
17
365
170
333
278
87
352
587
-2
308
223
361
556
53
208
258
438
460
242
278
464
340
72
121
98
131
68
239
100
579
169
517
-19
2
225
19
-58
196
-64
486
328
-9
453
139
5
133
-82
204
62
-57
339
439
365
581
-79
201
578
89
313
425
511
57
526
165
296
257
239
432
90
356
110
104
127
522
-65
498
155
298
313
84
314
116
186
314
466
526
54
120
347
326
426
335
567
584
84
330
102
438
374
-93
38
47
35
-82
520
288
273
9
236
476
357
-3
461
431
255
512
572
250
297
451
545
56
238
397
138
76
160
-79
-68
405
579
189
515
510
206
200
258
555
359
-7
227
467
-46
328
68
589
274
544
366
96
283
-11
204
-34
503
116
371
176
-96
137
481
300 67
-34
-111
-171
-8
19
-207
-195
57
38
272
69
-220
0
-129
-312
226
236
-282
99
208
206
-20
-41
-379
32
-77
136
-237
-302
-192
104
-94
210
-138
-16
-47
-317
-238
-183
125
-130
-359
138
-104
101
-347
146
-145
37
189
240
-162
-213
192
-163
-149
243
159
-192
-351
153
198
-137
-79
-357
104
-146
-273
243
-146
46
199
-39
254
72
250
164
244
261
71
-259
-195
168
209
-89
-74
-342
-53
-199
-81
-143
-355
17
37
-244
-24
-181
-88
-322
-347
-99
177
-214
-222
244
47
-354
-2
15
156
50
51
-226
-297
-274
180
-318
-173
-50
-181
295
135
-186
247
-2
188
-257
-57
40
-366
-263
83
63
-321
-339
-377
27
-156
248
-159
280
241
-16
98
-150
143
199
-372
-128
-356
-138
-191
193
-142
-312
128
-195
-212
-157
-144
-140
-294
-350
246
300
-261
-252
88
-393
-12
-61
-210
-119
-114
-103
-20
59
-232
-21
-333
-50
22
-130
-279
-84
158
-209
203
-324
-123
-167
181
-355
-221
-354
-51
-289
-122
-82
255
-210
-224
187
133
-324
81
206
289
-221
112
-139
200
-218
-248
-363
49
-306
-307
78
-131
-316
-274
-55
-158
-251
31
-140
-288
-366
-183
64
-196
-31
-272
-36
75
-348
84
-139
-318
-99
-311
154
-304
-363
-343
-148
187
-387
-28
109
64
-399
-15
-230
25
-365
-280
-99
200
100
-354
138
-195
-347
-156
-280
190
197
-340
62
-89
165
-96
201
-123
-384
-72
-137
-177
135
-209
-210
-358
-136
-336
188
-56
151
163
-279
252
9
93
-153
228
-3
-52
-222
-27
500 109
162
507
575
247
585
246
800
351
848
531
34
886
209
732
545
298
116
363
279
99
48
663
824
943
932
343
895
700
343
304
839
314
219
957
219
264
499
497
138
792
933
768
857
732
280
135
333
88
609
876
181
371
760
959
517
41
249
734
377
175
53
462
149
631
463
607
799
468
171
807
99
234
530
338
362
46
62
923
444
407
460
784
376
966
66
940
508
380
121
983
75
646
369
493
692
422
688
446
318
984
589
74
405
370
183
367
981
124
581
885
565
397
831
937
665
374
886
526
912
507
128
444
898
144
243
648
510
884
352
196
872
744
274
332
71
464
782
126
719
782
696
155
162
434
663
918
587
845
114
800
538
403
700
775
331
756
815
553
104
683
851
293
730
563
628
916
475
124
415
886
97
241
955
624
771
448
541
830
707
764
194
240
657
292
148
586
342
407
561
993
653
813
178
799
772
158
882
241
800
391
389
377
158
190
36
886
939
612
913
597
731
490
612
170
245
942
600
982
756
783
439
848
551
924
143
215
519
335
82
659
708
669
588
209
501
527
589
201
388
651
104
759
496
977
171
299
541
493
685
714
248
792
331
56
151
714
537
32
920
609
943
32
145
802
756
432
61
759
120
276
603
730
162
492
668
304
251
312
589
495
176
239
789
35
719
904
885
523
619
278
379
394
53
258
917
188
301
819
780
677
999
909
483
173
819
479
958
406
170
259
610
964
291
727
328
881
215
702
108
43
691
411
107
189
544
235
169
252
569
870
571
671
953
980
395
922
775
433
218
147
538
262
706
278
328
993
806
51
707
987
506
298
723
995
458
291
802
219
667
285
492
599
258
134
188
626
394
314
178
291
205
368
589
417
370
29
138
373
44
601
332
401
196
876
346
837
831
896
513
442
611
615
48
835
991
436
905
951
24
978
418
896
928
522
457
294
567
569
520
991
150
39
696
820
149
619
335
549
560
21
557
509
859
232
761
944
689
670
759
549
298
145
276
841
155
255
586
426
859
514
852
640
99
327
451
137
628
887
740
561
100
725
144
989
764
252
56
113
473
21
580
863
828
141
566
27
931
102
135
430
395
606
565
600
87
647
629
570
398
418
968
638
736
918
669
643
67
545
165
921
310
543
714
731
718
964
779
353
102
396
1000 203
792
108
665
323
-333
-149
921
873
570
248
-212
113
-399
-507
989
-424
1040
477
-821
143
-220
599
-609
31
388
-324
317
-118
70
140
745
419
435
846
-868
784
-216
-393
1047
111
-98
-83
919
-329
461
-852
490
144
237
-327
-15
-634
1037
-267
-394
474
599
-780
448
-39
-413
-530
740
177
-420
-362
990
-206
80
585
385
1057
-389
105
171
-781
918
-69
-228
-585
-356
510
-23
-380
-722
461
-292
-298
55
231
254
915
-782
-675
-808
1091
907
-293
758
-625
371
138
461
249
-184
181
239
701
404
971
-516
102
549
-843
379
659
-419
505
-806
-900
-437
-898
-782
-576
346
816
494
-896
-760
630
365
-62
-535
-110
902
-386
621
-439
156
301
-49
-172
834
612
384
598
-640
-293
324
624
743
-558
219
-655
994
-522
882
1025
365
1089
459
335
682
592
-390
201
514
1081
274
1085
-567
-180
960
-898
-251
1049
101
-759
960
370
250
-455
-404
-29
31
-409
-122
383
-588
-234
14
-387
-180
174
-314
-397
47
935
-567
-335
-689
-55
-81
833
-643
593
-50
909
-132
1078
-142
498
166
-499
16
-684
223
-406
807
-782
279
360
-327
636
-669
315
761
-526
382
-77
820
-386
412
-316
-363
-540
207
-860
948
153
766
-779
143
18
-750
692
60
575
-765
-544
125
-552
963
-369
597
-186
217
45
698
21
592
503
859
-360
1009
-265
20
-98
-897
16
-256
132
625
669
542
-597
741
-411
503
1003
723
402
-417
-760
-528
-398
1066
500
-620
542
929
-91
-50
281
453
-456
-250
650
-396
-634
307
302
665
662
959
7
-808
-28
-57
634
218
-448
-441
312
806
-390
486
-661
385
205
478
100
-472
809
-674
-702
603
-107
963
-203
-132
-556
1077
275
760
-280
30
-293
-363
-715
64
537
-739
-665
295
-118
-407
422
445
-128
418
-631
77
600
740
-295
-806
633
-203
648
193
-496
164
-31
-197
954
869
977
-216
593
-708
982
-695
-21
551
-841
236
-305
-383
1013
-611
-262
213
129
267
577
-544
-338
-679
104
-454
-841
966
-622
21
84
-289
-374
855
265
611
145
-251
-448
-696
376
961
-7
364
-543
-506
334
494
673
448
-452
46
921
-335
287
-158
-507
386
-452
27
-316
839
1013
-376
314
374
-119
-343
-574
-759
-278
694
648
690
499
-351
-10
175
-118
-535
989
990
82
-368
870
-158
964
-273
857
-122
-209
1033
-194
193
-243
430
1011
572
-24
-255
-146
-128
301
-757
-14
-573
271
737
471
788
-305
-396
-107
1029
187
-8
321
25
-75
-457
220
-626
-442
390
248
-4
-605
-152
-19
-850
-530
914
-501
-79
-593
-448
16
651
-171
1030
-804
638
-409
-184
-829
13
176
1006
-14
-802
-821
-846
342
-287
219
956
330
640
319
432
688
535
676
422
786
1077
-294
283
-600
99
-613
-394
-884
901
1002
-162
1037
-353
-407
-230
465
987
45
792
-209
-472
838
-430
331
-380
-839
-899
403
-755
64
-492
490
900
-58
-762
-461
-701
555
763
-767
-608
-866
236
748
195
140
899
1014
-347
-844
-479
-738
10
333
-17
-187
1072
-294
839
-401
520
573
324
-723
356
-135
-25
1033
34
636
12
-31
104
-259
412
-9
-592
451
388
936
-362
455
-763
-436
-464
394
701
-242
-691
-791
231
717
-607
528
1006
161
-176
77
-40
-479
-119
631
81
-667
133
-881
-636
-504
831
85
-254
960
486
894
-100
-831
-655
-668
675
-33
-717
543
-845
3
-848
723
-326
47
318
-278
719
613
671
467
913
-779
-482
-822
158
-507
-201
298
934
167
-83
273
-162
53
166
-844
841
432
585
818
628
137
-356
877
-639
-577
-505
-282
-154
187
-739
232
-634
-120
939
72
225
648
369
-261
360
-782
1058
473
980
464
215
801
279
424
-552
-3
-270
73
973
870
617
-567
418
-165
-700
556
1066
943
583
216
181
-736
293
-569
-843
1055
880
-564
909
845
-220
617
-197
899
357
641
1048
117
-394
-503
733
-489
907
-427
-440
848
-895
608
-545
-690
620
-821
-492
1067
690
-486
570
-17
871
-740
-121
-875
1063
-534
-37
242
-645
897
896
-540
534
-397
-159
71
912
922
-736
-850
885
895
659
-257
750
378
751
800
112
-693
-264
1025
851
-519
-216
58
22
233
750
-217
305
-175
680
385
860
-451
708
446
62
-15
819
-628
1096
-224
95
42
691
-691
-545
-137
-681
256
-887
543
93
476
1079
-301
376
111
781
473
-849
-519
265
100
222
0
-468
-235
-530
82
-152
994
258
-723
507
-298
-316
-180
-501
968
367
1011
642
129
-450
813
-371
952
212
1027
159
353
-178
272
619
-714
-602
355
-463
83
697
-811
920
40
-741
-772
894
-853
345
-658
-292
604
-784
-278
62
-467
-307
-892
-63
194
452
-817
781
-539
-540
192
-347
-226
-6
288
-564
80
518
-366
11
1079
-181
198
49
-271
-421
-35
314
570
-878
46
-638
-563
369
632
-852
184
846
-23
-434
-1
-806
-113
-384
100
916
669
37
-331
460
864
-568
-10
-278
722
1019
497
432
127
-116
747
173
-394
329
681
948
-222
-187
-542
748
618
-309
327
297
358
-301
-816
971
643
-669
921
965
680
-792
-803
353
74
-891
658
242
-611
-534
-443
58
-468
1001
-665
-755
523
-875
329
805
-22
-644
499
0 0
---dataAOutput---
15 3
15
9
3
6
12
13
7
1
4
10
11
5
2
8
14
25 7
63
21
42
57
15
36
51
9
30
72
45
3
24
66
39
18
60
75
33
12
54
69
27
6
48
19 5
-9
-4
-3
-8
-7
-2
-1
-6
5
-5
0
1
6
7
2
3
8
9
4
100 25
525
400
650
850
351
126
276
976
127
152
152
903
453
403
153
278
428
628
329
104
704
704
954
405
105
130
730
981
681
306
456
457
532
732
683
533
283
233
658
609
134
484
885
185
135
160
260
461
136
336
486
737
587
337
662
862
363
363
263
163
464
415
390
440
540
640
890
391
116
216
366
966
966
767
617
167
442
992
193
718
718
169
744
895
245
870
471
897
797
347
823
723
523
473
373
173
498
699
549
474
100 27
-269
-403
-214
-240
-186
-428
-157
-319
-400
-75
-129
-102
-128
-397
-154
-46
-288
-17
-287
-421
-70
-70
-15
-123
-285
-150
-96
-338
-176
-14
-364
-310
-310
-282
-120
-281
-92
-360
-305
-62
-412
-358
-32
-32
-4
-57
-29
-407
-326
-55
-55
-352
-27
-54
244
165
57
247
193
436
329
33
6
142
197
89
252
306
361
307
37
280
65
254
39
12
202
310
311
95
177
15
420
70
233
180
342
262
317
128
128
291
75
372
157
103
400
293
428
241
300 59
-294
-234
-115
-174
-173
-291
-409
-350
-53
-171
-112
-347
-346
-227
-168
-49
-226
-166
-283
-224
-106
-164
-46
-340
-340
-104
-102
-396
-41
-158
-97
-392
-155
-450
-331
-272
-154
-212
-94
-93
-447
-151
-269
-327
-150
-31
-384
-384
-442
-206
-88
-88
-205
-323
-323
-28
-145
-263
-381
-322
-204
-380
-26
-320
-437
-23
-82
-317
-435
-140
-139
-374
-138
-314
-314
-195
-431
-17
-430
-429
-16
-251
-74
-309
-309
-368
-250
-132
-190
-189
-247
-247
-424
-305
-10
-422
-68
-67
-126
-126
-243
-184
-66
-65
-360
-62
-61
-119
-414
-414
-295
-118
354
708
709
473
473
296
61
61
120
711
3
3
3
62
416
299
299
359
359
419
6
360
596
715
361
243
539
185
599
245
9
304
305
187
128
128
365
542
130
248
484
485
485
249
426
662
191
73
723
723
15
428
546
547
547
370
194
312
667
549
431
313
313
313
195
195
136
136
372
490
727
491
373
19
314
550
668
197
374
374
81
22
140
554
554
437
319
319
201
142
142
497
261
25
203
85
204
677
618
737
619
501
147
442
207
89
384
502
620
621
444
91
504
622
210
446
565
447
93
389
212
330
684
685
567
449
331
95
390
626
274
747
453
217
40
41
100
690
632
632
161
220
338
338
456
575
457
45
694
577
282
283
165
342
343
48
520
520
403
345
227
109
109
50
523
287
228
228
700
700
583
229
406
406
524
171
702
467
526
350
529
234
707
471
117
176
412
412
50 17
85
51
17
68
86
86
53
2
71
37
3
3
21
38
72
73
39
39
22
56
56
40
74
74
75
75
41
7
24
58
25
8
77
43
27
27
27
45
11
63
29
12
46
81
64
64
31
31
31
32
100 45
405
270
271
46
227
227
363
273
139
139
274
51
96
96
277
97
413
323
98
368
54
325
235
101
416
417
282
58
194
285
330
331
151
61
287
107
332
333
108
198
288
289
109
155
200
157
112
382
382
382
203
249
249
249
69
250
206
117
252
343
253
118
118
74
254
300
76
256
347
302
213
168
35
35
170
171
171
81
36
397
307
82
352
83
128
128
308
265
310
400
311
311
176
176
356
267
42
132
269
44
200 67
-65
-64
-58
-57
-46
-34
-96
-96
-93
-19
-15
-82
-82
-79
-79
-11
-9
-7
-4
-3
-2
-68
335
201
268
68
68
2
405
271
137
204
204
339
138
273
139
5
72
206
340
474
140
274
208
476
544
545
9
76
278
278
145
481
481
347
79
283
17
84
84
352
486
555
19
87
87
288
556
155
356
491
357
223
223
89
425
90
359
225
225
225
426
361
227
26
160
28
296
564
431
297
29
96
230
498
365
365
298
432
567
165
98
366
32
100
503
571
303
169
35
102
236
371
170
438
438
572
573
439
104
238
239
239
38
106
374
308
242
510
510
511
176
578
579
579
579
110
512
581
313
313
515
314
314
47
517
584
451
116
116
250
318
587
453
520
520
253
186
589
187
53
120
522
255
121
54
323
189
257
56
57
258
258
526
526
125
326
460
461
394
127
328
328
397
129
62
196
330
464
532
131
466
467
333
65
535
535
133
200
300 67
-199
-333
-131
-399
-130
-130
-129
-263
-196
-61
-195
-195
-195
-195
-128
-261
-259
-393
-192
-192
-57
-191
-123
-123
-257
-324
-324
-56
-55
-122
-322
-53
-321
-119
-387
-186
-52
-51
-252
-251
-318
-318
-50
-50
-183
-183
-317
-384
-316
-47
-181
-181
-248
-114
-111
-379
-312
-312
-177
-311
-244
-377
-41
-39
-173
-307
-306
-171
-372
-238
-104
-103
-237
-304
-36
-302
-34
-167
-99
-99
-99
-31
-366
-366
-232
-365
-163
-297
-230
-96
-363
-363
-162
-28
-27
-94
-294
-159
-226
-359
-158
-24
-157
-358
-224
-89
-89
-357
-156
-156
-21
-289
-356
-222
-222
-88
-221
-221
-355
-355
-288
-20
-20
-153
-354
-354
-354
-220
-218
-84
-351
-150
-16
-16
-15
-149
-350
-82
-81
-282
-148
-348
-214
-79
-213
-347
-347
-347
-280
-280
-146
-146
-12
-145
-279
-279
-212
-77
-144
-143
-210
-210
-210
-209
-209
-343
-142
-8
-342
-74
-207
-274
-274
-140
-140
-139
-139
-273
-340
-72
-339
-272
-138
-138
-3
-137
-137
-136
-2
-2
-336
201
0
135
135
203
69
136
71
138
138
272
72
206
206
208
209
75
143
9
210
78
146
280
81
15
83
151
17
84
153
19
154
289
88
22
156
158
159
25
226
93
295
27
228
163
164
165
31
98
99
32
300
100
101
168
236
37
37
104
104
38
240
241
40
243
243
109
177
244
244
112
246
247
46
180
181
47
248
49
250
50
51
252
187
187
254
255
188
188
189
190
57
125
192
193
59
261
128
62
197
63
64
64
198
199
199
133
200
200
500 109
981
545
545
327
218
436
872
219
219
219
328
328
764
764
982
983
657
439
984
549
549
331
331
113
876
876
659
114
332
332
768
987
551
333
442
116
989
771
553
335
335
444
444
881
663
663
772
991
991
446
882
665
120
338
993
993
775
775
557
121
448
884
885
885
667
995
232
668
886
886
886
886
887
669
669
451
124
124
342
560
779
561
561
343
343
234
670
671
235
126
780
999
563
128
346
782
782
783
565
565
457
239
21
21
566
784
567
240
458
895
677
241
241
569
569
351
24
460
896
896
243
134
352
570
789
571
353
135
135
462
898
463
245
27
137
246
464
683
247
29
138
138
792
792
575
248
685
249
141
32
32
468
904
905
251
143
34
252
252
688
689
35
144
144
362
580
799
799
581
363
145
145
36
909
691
473
255
800
800
800
147
692
475
39
148
802
802
585
367
149
149
258
258
912
913
259
41
150
368
586
586
587
369
151
696
696
479
43
370
370
588
806
807
589
589
589
589
371
44
262
916
917
373
155
155
46
264
700
700
918
918
483
374
48
48
702
920
921
158
158
376
813
377
377
922
923
51
815
597
379
706
924
707
707
53
53
162
162
162
380
599
490
708
600
600
819
819
601
165
56
56
274
492
492
928
493
493
820
603
276
276
931
495
169
278
278
496
714
714
714
932
933
497
279
61
170
170
388
606
824
607
389
171
171
62
280
499
609
609
391
173
718
937
719
719
501
610
828
611
175
66
939
285
67
176
394
394
612
612
830
831
831
395
395
940
723
178
178
396
615
397
506
942
943
943
725
507
507
71
398
835
181
508
944
727
509
291
291
291
837
619
619
401
183
74
292
510
293
75
839
403
294
730
730
731
731
513
841
405
514
732
732
951
188
188
406
624
407
407
189
298
298
298
734
953
517
299
190
626
845
82
736
955
519
301
628
628
629
411
520
957
194
848
848
631
304
304
522
740
958
959
523
87
196
196
851
415
88
852
417
526
744
527
418
418
201
310
964
964
638
857
312
530
966
531
422
640
859
859
205
314
314
968
97
643
99
99
99
426
863
209
209
100
318
537
646
647
102
102
538
538
756
756
756
430
648
104
104
977
759
759
759
541
541
432
651
433
215
215
760
978
761
543
107
434
870
653
108
544
980
1000 203
-811
-608
-201
-607
-404
-605
-808
-808
-401
-197
-197
-806
-806
-806
-399
-602
-804
-398
-397
-397
-803
-600
-194
-802
-396
-396
-597
-394
-394
-394
-394
-393
-187
-187
-593
-390
-390
-389
-592
-186
-387
-184
-184
-792
-386
-386
-791
-588
-181
-384
-383
-180
-180
-180
-585
-178
-380
-380
-176
-175
-784
-782
-782
-782
-782
-376
-781
-172
-171
-577
-780
-374
-779
-779
-576
-371
-574
-573
-369
-165
-368
-569
-772
-366
-568
-162
-162
-567
-567
-567
-363
-363
-159
-362
-362
-767
-564
-564
-158
-158
-563
-360
-765
-763
-154
-762
-356
-356
-558
-152
-152
-760
-760
-353
-759
-759
-556
-149
-351
-757
-755
-755
-552
-552
-146
-347
-347
-142
-750
-343
-545
-545
-544
-544
-137
-543
-542
-135
-338
-540
-540
-540
-539
-335
-335
-741
-132
-132
-740
-333
-739
-739
-535
-535
-738
-331
-534
-534
-128
-128
-736
-736
-329
-327
-327
-530
-530
-530
-326
-528
-122
-122
-121
-324
-526
-120
-119
-119
-118
-118
-118
-522
-116
-723
-723
-113
-519
-519
-722
-316
-316
-316
-314
-516
-110
-717
-107
-107
-309
-715
-714
-307
-305
-305
-507
-507
-507
-506
-100
-505
-708
-301
-301
-504
-98
-98
-503
-501
-501
-298
-298
-499
-702
-295
-701
-91
-700
-294
-294
-293
-293
-293
-496
-292
-292
-900
-899
-696
-289
-695
-898
-898
-492
-492
-897
-287
-693
-896
-83
-83
-489
-895
-691
-691
-81
-690
-689
-892
-486
-79
-891
-282
-77
-280
-482
-75
-887
-684
-278
-278
-278
-278
-479
-479
-681
-884
-273
-679
-69
-881
-271
-270
-675
-878
-472
-472
-674
-267
-63
-875
-875
-265
-468
-468
-62
-467
-264
-669
-669
-668
-262
-261
-667
-464
-58
-57
-463
-259
-665
-665
-868
-55
-461
-257
-866
-256
-255
-661
-457
-254
-456
-50
-50
-49
-455
-658
-251
-251
-860
-454
-250
-655
-655
-452
-452
-451
-450
-448
-448
-448
-853
-243
-852
-852
-40
-39
-242
-850
-850
-37
-443
-849
-645
-848
-442
-35
-441
-644
-643
-846
-440
-33
-439
-845
-235
-844
-844
-31
-31
-437
-843
-843
-640
-234
-639
-436
-29
-841
-841
-638
-434
-28
-839
-636
-230
-25
-634
-634
-634
-228
-430
-24
-23
-23
-226
-631
-22
-21
-427
-224
-19
-831
-628
-222
-424
-17
-17
-829
-626
-220
-220
-625
-15
-15
-421
-217
-420
-14
-14
-419
-622
-216
-216
-216
-417
-620
-822
-10
-10
-9
-821
-821
-821
-212
-8
-7
-413
-209
-209
-6
-411
-817
-613
-816
-4
-3
-409
-409
-206
-611
-611
-1
-407
-407
-203
-203
-609
-406
0
813
611
205
3
612
1019
613
207
816
412
412
818
819
7
617
617
820
212
618
1025
1025
619
213
10
11
620
1027
621
215
12
418
418
419
13
216
1029
217
14
218
624
1030
625
219
219
16
16
16
422
422
220
1033
1033
18
424
831
222
628
223
20
833
21
21
630
1037
1037
631
225
22
834
632
633
430
25
634
1040
432
432
432
838
839
839
27
636
636
231
231
841
435
232
638
233
30
31
31
640
1047
641
845
236
236
642
1048
1049
643
237
34
846
846
239
848
37
851
445
242
242
648
648
648
1055
40
446
650
1057
651
42
448
448
855
1058
857
451
45
45
248
248
249
46
46
452
859
453
47
47
250
1063
860
455
49
658
659
659
254
1066
1066
1067
864
459
53
256
662
460
461
461
461
55
258
665
665
869
1072
58
58
464
870
870
871
465
669
669
60
873
467
1077
1077
671
265
265
62
62
1078
1079
1079
673
267
64
64
877
471
1081
675
473
473
676
271
474
880
272
1085
273
70
476
882
477
71
274
680
680
681
275
72
478
885
73
682
1089
74
1091
279
279
77
77
281
688
283
80
80
486
486
81
690
690
1096
691
82
82
894
894
895
83
692
287
84
490
490
896
897
85
288
694
899
899
697
494
494
900
901
698
293
902
497
701
701
295
498
499
499
93
297
500
907
907
95
298
909
909
503
503
301
301
505
99
302
708
100
100
100
912
913
507
101
305
102
914
915
307
104
104
510
916
105
918
919
717
108
514
920
921
921
921
312
719
922
111
111
314
314
315
112
518
113
722
723
723
317
520
318
319
929
523
117
321
323
324
324
528
934
935
733
327
936
125
329
329
939
127
330
737
331
534
535
129
129
333
943
537
334
740
740
741
335
132
133
743
745
542
542
948
948
543
543
137
747
138
342
748
748
140
140
952
750
750
751
345
954
549
143
143
346
144
956
551
145
959
960
960
960
961
555
758
353
353
556
963
963
760
761
355
964
965
153
356
763
357
966
358
156
968
360
360
766
158
971
971
159
973
161
364
365
365
367
164
570
570
570
977
369
369
166
166
572
573
167
370
371
980
575
982
577
171
374
781
781
173
376
376
174
987
175
378
784
379
176
989
989
583
177
786
990
990
585
585
382
788
383
181
181
384
385
385
385
994
994
386
792
792
184
388
388
592
592
593
593
187
187
390
1001
1002
1003
597
394
800
801
192
598
599
599
193
193
194
600
1006
1006
195
805
1009
603
806
807
198
604
1011
1011
402
809
403
1013
1013
201
404
608
1014
0 0
---dataBInput---
12 5
10
13
16
19
22
25
28
31
34
37
40
43
45 17
100
104
108
112
116
120
124
128
132
136
140
144
148
152
156
160
164
168
172
176
180
184
188
192
196
200
204
208
212
216
220
224
228
232
236
240
244
248
252
256
260
264
268
272
276
120 19
103
106
110
115
117
120
124
129
131
134
138
143
145
148
152
157
159
162
166
171
173
176
180
185
187
190
194
199
201
204
208
213
215
218
222
227
229
232
236
241
243
246
250
255
257
260
264
269
271
274
278
283
285
288
292
297
299
302
306
311
313
316
320
325
327
330
334
339
341
344
348
353
355
358
362
367
369
372
376
381
383
386
390
395
397
400
404
409
411
414
418
423
425
428
432
437
439
442
446
451
453
456
460
465
467
470
474
479
481
484
488
493
495
498
502
507
509
512
516
521
201 37
-100
-99
-98
-97
-96
-95
-94
-93
-92
-91
-90
-89
-88
-87
-86
-85
-84
-83
-82
-81
-80
-79
-78
-77
-76
-75
-74
-73
-72
-71
-70
-69
-68
-67
-66
-65
-64
-63
-62
-61
-60
-59
-58
-57
-56
-55
-54
-53
-52
-51
-50
-49
-48
-47
-46
-45
-44
-43
-42
-41
-40
-39
-38
-37
-36
-35
-34
-33
-32
-31
-30
-29
-28
-27
-26
-25
-24
-23
-22
-21
-20
-19
-18
-17
-16
-15
-14
-13
-12
-11
-10
-9
-8
-7
-6
-5
-4
-3
-2
-1
0
1
2
3
4
5
6
7
8
9
10
11
12
13
14
15
16
17
18
19
20
21
22
23
24
25
26
27
28
29
30
31
32
33
34
35
36
37
38
39
40
41
42
43
44
45
46
47
48
49
50
51
52
53
54
55
56
57
58
59
60
61
62
63
64
65
66
67
68
69
70
71
72
73
74
75
76
77
78
79
80
81
82
83
84
85
86
87
88
89
90
91
92
93
94
95
96
97
98
99
100
50 23
85
55
83
28
54
65
13
64
53
56
61
15
18
32
83
15
52
47
91
4
47
45
71
66
78
7
4
28
70
55
75
88
25
3
63
24
20
54
57
41
76
39
77
25
43
58
40
15
14
23
100 55
135
143
241
58
214
125
342
258
22
390
160
322
159
401
159
230
59
30
400
362
171
415
47
362
54
329
346
234
355
235
120
23
346
175
249
173
278
334
303
235
253
329
398
308
243
229
160
215
235
247
77
273
144
272
201
353
67
314
221
317
326
116
170
179
24
363
204
98
194
266
380
170
146
306
280
257
341
333
87
72
219
400
71
109
69
415
58
66
162
278
129
30
187
37
231
115
203
171
209
80
230 67
64
176
117
436
366
243
116
162
564
-70
472
150
147
387
273
348
233
145
595
183
-88
49
-34
232
-16
410
481
268
515
-19
-39
112
110
598
-52
43
-82
466
215
534
217
381
101
203
-93
437
345
222
508
175
-25
388
467
-14
198
368
591
94
324
252
469
11
290
-57
337
74
542
433
509
11
243
128
448
152
531
-92
406
328
63
509
353
159
134
-5
39
433
78
291
93
414
528
100
271
525
218
268
337
148
388
240
-55
478
526
-14
598
182
399
45
365
231
539
334
310
185
520
453
-19
191
159
409
29
41
577
320
65
316
-76
-6
205
191
593
-78
455
140
138
410
-57
204
-96
546
388
227
361
223
160
572
442
352
465
371
436
526
212
31
120
-35
83
447
473
398
542
32
501
445
155
545
567
6
-73
405
-61
588
30
0
229
-30
186
524
71
-26
-85
290
482
146
-46
405
196
37
340
95
-32
486
-84
522
413
399
445
44
-97
444
1
598
290
29
73
409
24
162
478
6
575
545
211
572
316
5
207
503
174
-47
241
404
461
499
199
38
92
282
13
2
350 87
60
-174
-218
50
-89
-186
-225
-309
-134
-310
190
142
147
139
48
48
-66
-328
291
-312
-16
82
-321
-371
-88
-359
99
-353
130
280
134
-181
-115
87
159
258
178
68
257
85
-311
-24
15
-393
142
-17
-189
-241
244
145
-206
-183
-116
-162
192
-102
298
252
-273
-194
-353
-376
101
270
47
259
222
-262
-371
129
255
-92
75
-293
-15
-394
44
217
-228
16
-133
-175
-389
202
-170
-177
-120
248
-266
-331
-235
-305
224
262
230
-261
217
-58
-133
165
-234
191
-143
-84
79
-197
64
-2
-66
260
287
-60
-166
45
3
-186
68
47
125
187
16
258
163
121
-163
-342
-347
-249
-317
100
-108
-396
-283
-311
-194
-364
38
-252
-245
-300
14
-178
-300
90
185
-265
70
-255
140
-324
-103
266
-111
-243
110
-188
256
292
258
-98
-23
-3
195
-322
40
-122
-200
-360
299
-6
32
-213
-309
-46
75
-29
-255
25
248
-384
53
221
-382
-190
-96
-68
262
-210
-385
-8
84
-1
-156
129
218
-200
285
-272
-247
-27
218
257
269
-308
-110
160
-373
223
241
209
209
-365
204
-58
98
283
189
-19
246
128
105
202
-376
287
-165
-8
-137
274
-233
158
-66
-113
299
-47
-89
135
-395
-375
161
-139
-47
117
260
-235
188
-117
229
-312
-343
-329
-372
-303
-250
-318
158
85
251
-122
-158
195
-105
236
-2
-59
-341
-137
174
-337
-213
-385
-235
-222
-330
240
-318
-101
293
-65
-3
-259
-141
-302
138
-345
199
-328
-314
154
2
-353
237
-53
-32
110
-45
300
-211
-367
109
81
-284
115
115
-99
-378
-194
55
-184
-296
109
-131
-73
-5
-375
-187
-350
-369
-268
192
-106
-321
-308
-338
107
-246
-220
-101
71
93
276
238
16
237
221
-394
-329
-76
-329
-37
-379
263
90
-168
206
-327
-54
-271
-345
-149
67
603 109
872
997
668
424
260
624
98
263
910
232
897
936
700
904
596
927
395
640
358
397
779
759
329
524
772
80
539
421
106
301
690
696
444
693
125
321
675
875
491
625
778
53
62
629
856
738
915
271
840
761
98
324
942
275
174
295
505
492
744
628
484
909
314
621
305
481
782
620
641
106
757
728
670
90
389
908
499
552
134
366
849
22
902
209
891
380
692
316
402
336
194
86
580
643
992
909
382
362
919
521
61
160
292
478
144
158
33
651
888
602
432
686
776
996
777
168
836
809
287
795
306
657
282
129
625
466
396
794
966
921
444
70
349
44
567
982
809
452
363
482
931
481
25
819
654
99
345
876
420
830
329
767
526
803
668
962
377
93
256
312
541
150
404
863
463
778
675
879
487
756
515
186
344
317
96
655
287
960
282
93
989
146
999
158
551
993
464
471
308
457
22
201
629
581
405
491
372
249
795
895
136
444
568
996
452
666
636
394
47
64
18
193
838
74
394
694
929
741
117
463
417
547
226
218
53
277
493
170
170
731
109
978
985
258
247
940
127
927
643
637
871
216
218
245
468
484
470
541
204
238
710
233
625
277
312
525
481
945
964
84
165
182
475
486
177
628
906
873
837
539
700
18
699
841
902
263
398
582
308
253
454
948
407
315
283
682
413
404
85
619
671
875
987
647
872
969
272
485
783
717
107
155
884
545
611
754
650
27
574
505
669
491
561
158
981
617
443
754
856
726
79
82
891
369
19
447
81
418
928
229
39
656
541
174
485
768
866
438
367
65
766
419
331
438
767
587
587
903
893
511
580
300
758
407
175
908
114
705
739
992
692
837
863
38
993
132
367
43
14
855
310
573
372
527
842
184
392
483
793
997
951
99
795
509
609
465
487
734
182
604
432
13
750
797
46
748
446
689
803
404
437
574
385
712
196
74
875
318
908
553
444
188
743
494
237
772
366
505
273
625
445
444
801
252
978
265
857
764
870
561
178
35
34
625
450
395
74
223
783
942
989
103
109
595
916
31
805
911
737
359
500
523
947
463
119
827
627
569
676
603
792
277
737
298
636
441
208
94
258
287
25
984
564
998
310
338
850
841
138
162
718
341
301
927
269
43
714
966
111
49
491
543
446
602
660
980
287
326
596
432
727
801
828
962
330
534
326
962
541
43
920
744
464
256
242
115
777
379
950
105
10
104
743
821
580
153
107
985
265
868
917
511
192
852
368
514
656
642
767
207
699
925
686
327
303
486
538
287
401
921
874
358
979
131
235
247
679
851
26
810
738
163
914
283
757
945
767
771
698
863
514
231
571
770
827
948
631
108
560
137
660
161
429
588
872
607
95
563
49
392
271
964
452
948
773
648
580
530
978
795
968
922
70
1000 203
240
39
-193
691
-274
-43
-627
-848
277
-39
469
-489
273
-370
-168
-26
-690
-652
-504
518
-728
-127
-773
72
-126
974
910
898
-581
-47
428
-859
942
119
-433
657
58
229
582
-341
513
286
1032
-547
-716
743
583
-257
-449
41
1096
837
769
903
163
776
-305
-447
918
-726
218
424
318
756
-3
-76
105
738
75
274
1062
578
-87
993
830
536
488
1039
-889
-122
-394
255
-586
-678
965
687
-11
-792
828
87
-459
202
460
-732
-554
997
-890
229
52
926
-469
869
980
-707
212
603
192
-495
1075
367
223
147
-870
-18
665
127
683
-592
-887
-591
-497
999
932
812
330
427
473
-559
351
-220
-167
-626
-143
839
681
37
-326
676
-298
30
-545
-769
-632
863
-157
-514
-518
939
730
-93
281
265
321
683
106
-377
925
-571
-831
-97
625
823
896
-839
-299
-34
381
-416
-765
-28
967
-519
946
487
170
-351
1065
-233
-640
-233
-404
1072
410
442
715
1033
32
548
860
-308
710
-185
-331
343
-288
-633
926
82
935
-279
823
755
-612
-615
-842
878
-644
-558
948
-207
516
-614
520
447
599
-84
-285
-550
238
-502
430
-714
911
386
49
828
546
-608
-154
909
-625
-155
270
792
-148
967
610
734
598
-279
476
803
-274
-804
-346
-537
1046
-795
419
-698
-725
-223
-851
-899
-235
599
399
-498
381
-595
756
-715
-625
-866
704
-180
-192
378
270
269
673
-722
233
6
485
1061
670
-399
127
143
-15
228
-48
-382
976
-857
-864
286
486
324
-470
197
-367
-60
13
843
389
615
-577
698
625
820
-699
-551
867
882
-383
238
-616
533
859
-126
-521
-162
100
180
-145
76
1062
1056
-627
-8
560
-207
-797
416
-527
468
-651
-847
962
-64
1077
74
73
883
626
111
-565
-786
365
-485
-334
84
492
-758
-656
319
-590
-618
-542
596
958
240
296
72
-125
-318
884
658
-488
146
-591
258
1009
-391
-10
-461
590
-588
811
-130
627
155
843
-225
-552
-479
331
-181
785
-804
874
-862
272
469
585
-318
-727
-479
13
764
871
577
-461
1067
-515
583
-77
-78
672
475
104
1012
-61
-51
95
-742
675
795
430
-607
-732
5
39
-541
-357
-113
604
-105
-531
-857
-731
523
248
-600
385
384
-447
-419
-311
-154
-386
954
699
-86
-555
-488
69
622
-507
384
-128
-88
899
-582
1088
-355
231
-330
-519
144
-712
-198
468
677
533
605
-462
699
-522
-765
208
-327
530
778
539
472
578
581
-250
34
-106
-121
842
-55
-602
163
-738
1099
28
497
903
-140
-768
179
-703
52
-252
-151
79
659
-494
833
-657
1075
-174
-621
1057
-187
448
476
-470
974
398
74
-684
987
469
-680
-24
-238
-606
249
-417
1099
255
538
389
-753
-785
595
879
-160
-738
-449
62
266
280
157
709
-775
-615
-827
744
698
-875
799
1061
-538
1033
1088
55
892
-479
-154
488
382
-709
1031
-521
-289
-148
-491
-165
283
-573
-620
743
-456
-37
-753
-258
156
-604
1000
-168
-225
563
-145
102
-510
456
324
194
1056
897
176
-389
852
-738
929
480
-101
-587
293
1098
-581
-409
970
703
-252
-686
-174
-571
518
776
636
643
852
-272
-223
718
-648
-676
-531
-733
598
379
399
-497
-347
-769
-142
-57
-885
481
1084
613
-856
-205
551
-399
-505
375
735
65
-848
-801
-581
-799
354
772
607
518
255
667
545
15
-825
421
106
205
554
-218
-208
1061
-328
-760
290
-652
-21
-400
1012
-733
248
-287
619
-566
290
1088
-501
-135
15
-856
-113
1061
-897
-497
-232
-640
-710
776
-533
781
-215
-822
132
434
729
706
591
526
-325
709
824
173
-753
-200
97
-118
-142
83
453
-524
-347
-574
-870
4
961
526
172
94
455
797
-456
86
509
437
-442
69
-778
727
-133
-836
144
345
-883
968
-187
404
520
7
1018
272
672
442
92
-500
-648
-277
587
-814
-93
416
263
-566
746
-767
43
718
-291
615
167
-17
-499
533
995
-122
-167
172
272
-643
-489
969
17
959
438
882
1002
76
305
-847
-328
-158
1015
-65
81
473
377
357
-595
701
1043
591
357
754
-386
930
-773
963
-427
-288
-198
395
-105
-119
-896
-104
-83
788
1065
1004
-755
-50
61
-394
-114
130
-643
528
-452
-613
-230
746
366
-538
-105
616
-170
-789
304
632
-711
-612
891
550
768
719
685
819
862
25
576
-109
163
-132
68
38
32
194
84
-183
572
506
779
430
-89
563
966
1049
509
951
619
973
285
714
-198
150
-806
642
-669
-88
913
169
840
248
-212
-624
164
-87
855
119
-435
1083
-430
923
-538
543
726
-129
-472
61
-485
1054
722
-551
-712
767
-657
196
509
139
-697
575
-706
-101
472
885
353
-27
982
-311
570
-856
-352
-258
-444
-363
549
1094
-253
-462
855
-739
-553
377
96
1047
1076
342
402
214
784
-47
563
656
653
536
168
209
55
-287
-383
-658
48
78
262
970
123
-95
464
539
261
355
-469
-145
874
-128
-550
-340
-153
101
-820
-667
-708
621
-770
-780
-779
343
-367
228
-631
908
-675
990
50
672
-890
-153
62
-761
-211
-681
213
986
-549
-883
636
746
586
-63
-150
-652
420
-486
-887
166
352
545
-417
-79
-583
246
-498
127
1058
-494
-616
87
440
-19
-329
478
-730
784
363
1040
-481
0 0
---dataBOutput---
12 5
25
10
40
31
16
37
22
43
13
28
19
34
45 17
136
204
272
120
188
256
104
172
240
156
224
140
208
276
124
192
260
108
176
244
160
228
144
212
128
196
264
112
180
248
164
232
148
216
132
200
268
116
184
252
100
168
236
152
220
120 19
437
285
171
152
190
418
456
495
381
229
115
134
362
400
439
325
173
306
344
383
269
117
250
288
516
479
327
213
194
232
460
498
423
271
157
138
176
404
442
481
367
215
120
348
386
425
311
159
292
330
521
369
255
103
236
274
502
465
313
199
180
218
446
484
409
257
143
124
162
390
428
467
353
201
106
334
372
411
297
145
278
316
507
355
241
222
260
488
451
299
185
166
204
432
470
509
395
243
129
110
148
376
414
453
339
187
320
358
397
283
131
264
302
493
341
227
208
246
474
512
201 37
-73
-36
-35
-72
-71
-34
-33
-70
-69
-32
-31
-68
-67
-30
-29
-66
-65
-28
-27
-64
-63
-100
-26
-25
-99
-62
-61
-98
-24
-23
-97
-60
-59
-96
-22
-21
-95
-58
-57
-94
-20
-19
-93
-56
-55
-92
-18
-17
-91
-54
-53
-90
-16
-15
-89
-52
-51
-88
-14
-13
-87
-50
-49
-86
-12
-11
-85
-48
-47
-84
-10
-9
-83
-46
-45
-82
-8
-7
-81
-44
-43
-80
-6
-5
-79
-42
-41
-78
-4
-3
-77
-40
-39
-76
-2
-1
-75
-38
37
-37
-74
0
74
75
1
38
39
2
76
77
3
40
41
4
78
79
5
42
43
6
80
81
7
44
45
8
82
83
9
46
47
10
84
85
11
48
49
12
86
87
13
50
51
14
88
89
15
52
53
16
90
91
17
54
55
18
92
93
19
56
57
20
94
95
21
58
59
22
96
97
23
60
61
24
98
99
25
62
63
26
100
27
64
65
28
29
66
67
30
31
68
69
32
33
70
71
34
35
72
73
36
50 23
23
47
47
24
70
71
25
25
3
4
4
28
28
75
52
53
7
76
77
54
54
55
55
32
78
56
57
58
13
83
83
14
61
15
15
15
85
39
63
40
41
18
64
65
88
43
20
66
91
45
100 55
221
333
58
58
278
278
59
334
115
170
170
280
390
171
171
116
173
229
175
120
230
341
231
66
67
342
398
179
69
234
235
235
235
125
400
400
401
71
346
346
72
129
241
187
77
22
353
243
23
24
355
135
80
247
303
249
194
415
415
30
30
306
87
362
362
363
253
143
308
144
201
146
257
37
203
258
204
314
317
98
209
266
47
322
159
159
214
215
160
160
380
326
162
272
273
329
329
219
109
54
230 67
-61
-57
-57
-55
-52
-47
-46
-39
-35
-34
-32
-97
-30
-96
-93
-26
-25
-92
-88
-19
-19
-85
-84
-16
-82
-14
-14
-78
-76
-73
-6
-5
-70
469
0
134
268
268
1
337
337
203
2
404
539
405
405
271
204
472
473
205
71
138
406
273
5
340
207
73
6
6
140
542
542
409
409
74
410
410
545
545
478
478
345
211
546
413
145
11
11
78
212
481
146
414
147
13
348
482
215
148
282
217
83
150
218
352
486
353
152
155
222
223
290
290
290
291
24
159
159
92
361
227
93
160
94
229
95
162
162
564
29
29
499
365
231
30
567
433
433
31
232
366
501
233
32
100
368
503
101
436
436
437
371
572
572
37
38
575
39
240
508
509
509
241
174
442
577
175
41
243
243
176
310
444
445
445
43
110
44
447
45
112
515
381
448
182
316
316
183
49
116
117
453
185
252
520
387
186
320
588
455
120
388
388
388
522
591
524
525
324
593
191
191
526
526
595
461
528
328
128
531
196
598
598
598
465
63
398
399
399
64
198
466
467
199
65
534
334
350 87
-347
-259
-345
-345
-84
-170
-343
-255
-255
-342
-168
-341
-166
-165
-252
-338
-163
-337
-250
-76
-249
-162
-73
-247
-246
-245
-158
-331
-243
-330
-156
-329
-329
-329
-68
-241
-328
-328
-327
-66
-66
-66
-65
-324
-149
-235
-235
-235
-322
-321
-321
-234
-60
-59
-233
-58
-58
-318
-318
-143
-317
-141
-228
-54
-53
-314
-139
-225
-312
-312
-137
-137
-311
-311
-310
-309
-309
-396
-222
-47
-47
-395
-308
-308
-134
-133
-133
-394
-394
-220
-46
-45
-393
-131
-305
-218
-303
-389
-302
-213
-213
-300
-300
-37
-211
-385
-385
-384
-210
-296
-122
-122
-382
-120
-293
-206
-32
-379
-117
-378
-29
-116
-115
-376
-376
-27
-375
-375
-113
-200
-200
-373
-111
-372
-24
-23
-197
-371
-371
-284
-110
-283
-369
-108
-194
-194
-194
-19
-367
-106
-105
-17
-365
-103
-364
-190
-16
-15
-189
-102
-101
-101
-188
-187
-99
-273
-360
-186
-186
-359
-272
-98
-271
-184
-183
-96
-8
-8
-181
-268
-6
-5
-353
-353
-353
-266
-92
-265
-178
-3
-3
-177
-89
-89
-350
-2
-2
-1
-175
-262
-88
87
-261
-174
174
262
262
263
2
3
90
90
178
266
93
269
270
185
98
99
187
100
274
101
14
188
189
15
276
16
16
16
190
191
105
192
192
280
107
195
195
283
109
109
110
110
285
199
25
287
287
115
115
202
202
291
117
204
292
293
32
206
121
209
209
298
299
299
125
38
300
40
128
129
129
217
217
130
44
218
218
45
221
221
47
47
134
135
48
48
222
223
50
224
138
139
53
140
229
55
142
142
230
145
147
60
236
237
237
64
238
240
241
67
154
68
68
70
244
71
158
158
159
246
160
161
248
248
75
75
163
251
165
252
79
255
81
82
256
257
257
84
258
258
258
259
85
85
260
260
603 109
981
545
327
109
109
218
218
654
872
872
872
873
655
437
764
982
547
329
329
111
438
438
656
656
874
875
875
875
657
330
766
984
985
985
767
767
767
767
331
876
441
223
114
768
987
551
115
660
660
879
443
552
770
989
989
771
553
117
226
444
444
444
444
444
445
336
772
772
773
119
10
446
446
447
229
338
992
992
993
993
666
884
231
13
776
777
777
341
14
232
450
668
668
669
233
560
778
778
996
996
997
997
779
561
561
125
452
452
452
670
888
671
235
344
998
999
563
345
127
18
18
454
891
891
237
19
564
782
783
783
129
238
893
675
675
457
567
349
131
22
22
676
895
132
568
569
242
897
679
25
25
134
571
26
463
463
463
245
27
136
573
137
464
464
682
465
247
247
138
574
574
792
793
466
902
902
903
249
31
358
358
794
795
795
795
795
359
468
686
686
904
33
797
34
252
470
906
689
471
253
35
144
362
580
580
580
580
581
363
690
908
908
908
909
909
146
582
801
801
38
256
256
692
692
910
911
693
475
39
366
366
803
803
367
367
258
258
694
150
368
805
587
587
369
260
478
696
914
915
43
43
43
588
153
44
698
916
917
699
699
481
481
481
263
263
372
372
809
809
155
46
482
700
700
919
483
265
265
47
810
484
484
920
921
921
485
485
49
49
158
158
158
595
377
486
486
922
705
487
487
269
160
596
596
379
161
925
271
271
53
53
162
380
163
272
927
927
927
491
491
491
491
273
382
819
165
492
710
928
929
493
275
602
602
821
603
385
494
712
931
277
277
277
168
604
714
61
170
170
607
389
62
717
499
827
827
609
64
282
282
500
718
936
283
283
65
174
174
392
392
828
611
175
394
394
830
395
395
177
940
505
505
505
287
287
287
287
287
178
396
397
70
70
942
942
398
617
726
945
945
727
509
182
182
836
837
837
619
401
74
74
74
292
728
947
511
511
184
402
620
838
621
948
948
948
731
295
186
404
404
404
840
841
841
405
514
514
950
951
515
79
188
624
842
625
625
625
625
625
407
407
80
298
734
81
627
82
300
737
737
301
301
192
628
628
629
629
193
84
738
738
739
521
303
85
194
849
631
413
86
741
523
305
196
850
851
306
524
960
743
743
525
852
417
90
308
308
526
744
744
962
962
962
527
418
636
636
855
637
419
201
310
310
964
964
93
93
420
856
856
857
421
94
312
312
530
748
966
966
95
204
640
641
96
314
750
968
969
315
424
642
643
643
207
98
98
316
534
317
99
99
208
863
863
863
209
318
754
754
647
429
538
756
757
757
539
539
321
103
648
866
104
758
759
541
541
541
541
105
432
432
432
650
868
651
106
106
324
978
978
978
979
761
543
107
107
216
870
871
108
326
326
980
1000 203
-608
-607
-404
-606
-200
-604
-198
-198
-198
-806
-400
-399
-399
-602
-804
-804
-600
-193
-801
-192
-394
-394
-799
-595
-595
-391
-797
-187
-187
-389
-795
-592
-185
-591
-591
-590
-183
-792
-386
-386
-588
-181
-587
-383
-383
-789
-586
-180
-382
-583
-786
-785
-582
-581
-581
-581
-377
-174
-174
-577
-780
-779
-170
-778
-574
-168
-168
-167
-167
-573
-370
-775
-165
-571
-571
-367
-367
-773
-773
-162
-770
-363
-769
-769
-566
-566
-160
-565
-768
-767
-158
-157
-765
-765
-155
-357
-154
-154
-154
-153
-153
-559
-355
-761
-558
-151
-760
-150
-555
-758
-352
-351
-554
-148
-148
-553
-755
-552
-145
-145
-145
-551
-551
-347
-347
-753
-753
-753
-550
-550
-143
-549
-346
-142
-142
-547
-140
-545
-341
-340
-542
-135
-541
-133
-742
-538
-538
-538
-132
-537
-334
-739
-130
-129
-738
-738
-738
-331
-128
-128
-127
-533
-330
-329
-126
-126
-125
-531
-531
-328
-328
-327
-733
-733
-732
-732
-326
-325
-731
-122
-122
-121
-527
-730
-119
-728
-727
-524
-118
-726
-725
-522
-521
-521
-318
-318
-114
-113
-113
-519
-519
-722
-518
-109
-515
-311
-311
-514
-716
-715
-106
-105
-105
-105
-714
-308
-510
-104
-712
-712
-305
-711
-101
-101
-507
-710
-709
-505
-708
-707
-504
-97
-706
-299
-502
-95
-501
-298
-703
-500
-93
-93
-499
-498
-498
-497
-497
-497
-699
-89
-495
-698
-291
-697
-494
-494
-88
-88
-87
-87
-899
-289
-86
-491
-897
-288
-288
-287
-287
-896
-84
-83
-489
-489
-285
-488
-488
-690
-486
-79
-485
-485
-890
-890
-78
-77
-889
-686
-279
-279
-76
-481
-887
-887
-684
-277
-479
-479
-479
-885
-681
-883
-883
-680
-274
-274
-678
-272
-676
-675
-472
-65
-470
-470
-64
-63
-469
-469
-875
-61
-669
-60
-667
-870
-870
-57
-462
-462
-55
-461
-461
-258
-258
-257
-866
-459
-864
-51
-253
-862
-456
-456
-50
-658
-252
-252
-657
-657
-48
-47
-47
-859
-656
-250
-452
-857
-857
-856
-856
-856
-43
-449
-449
-652
-652
-652
-651
-447
-447
-39
-851
-648
-648
-444
-37
-848
-848
-442
-847
-847
-644
-238
-643
-643
-34
-235
-640
-640
-233
-233
-842
-435
-232
-28
-27
-433
-839
-230
-26
-633
-836
-430
-24
-632
-225
-225
-631
-21
-427
-223
-223
-19
-831
-627
-627
-18
-17
-626
-220
-625
-625
-15
-827
-624
-218
-419
-825
-215
-621
-11
-417
-417
-620
-822
-416
-10
-618
-212
-211
-820
-8
-616
-616
-615
-615
-614
-208
-207
-207
-613
-3
-409
-612
-612
-205
-814
1015
812
610
205
1018
613
4
410
5
208
615
615
209
6
819
7
616
820
212
619
619
213
416
416
823
823
214
621
824
419
13
13
622
420
421
15
15
218
1031
625
625
828
828
17
626
1032
1033
1033
627
424
830
223
833
427
428
632
1039
430
430
430
837
25
228
228
1040
229
229
839
636
636
1043
231
28
434
840
233
30
842
843
843
437
1046
1047
32
32
438
642
1049
643
34
440
238
238
442
442
37
240
240
38
39
39
1054
852
852
447
41
1056
1056
1057
448
855
855
43
246
1058
653
248
248
248
1061
1061
1061
1061
249
859
453
656
1062
1062
657
48
860
455
49
658
1065
1065
659
50
456
862
863
1067
255
255
255
52
52
460
867
55
55
258
665
869
1072
667
261
58
464
871
262
1075
1075
263
61
61
670
1076
1077
265
62
62
468
468
874
874
469
469
469
266
672
672
672
673
65
675
269
472
472
878
879
473
473
270
270
676
1083
677
68
475
69
69
272
272
272
1084
273
476
476
882
882
883
274
681
72
72
478
884
885
73
1088
1088
1088
683
683
277
74
74
480
481
75
685
76
76
280
687
281
78
891
485
79
1094
283
486
892
487
81
1096
691
285
82
488
488
83
286
286
1098
1099
1099
84
84
896
897
86
492
898
899
87
87
290
290
698
698
699
699
293
903
903
497
701
92
296
703
94
95
704
96
908
909
97
706
910
911
709
709
100
506
913
101
304
710
305
102
509
509
509
104
105
714
715
106
106
918
513
718
718
719
516
923
111
518
518
518
925
722
520
520
926
926
318
319
929
523
726
727
321
930
119
119
729
526
526
932
324
324
730
528
935
123
530
734
735
939
533
533
533
127
127
127
330
331
738
130
536
536
942
132
538
539
539
743
743
946
744
948
543
746
746
746
951
545
545
139
342
343
343
546
345
548
954
549
143
144
144
550
551
754
755
146
958
959
147
756
756
351
554
961
352
353
150
962
963
354
355
965
357
357
560
966
967
967
155
764
156
968
969
563
563
563
157
767
970
970
768
769
363
973
365
974
974
163
163
163
366
772
367
164
570
976
166
572
167
776
776
776
168
980
575
169
778
779
170
576
982
577
781
375
172
172
578
578
173
377
377
986
987
581
378
784
784
785
379
176
582
583
583
381
381
990
585
179
382
788
180
586
993
587
384
384
385
995
386
792
590
997
591
591
795
389
389
999
797
1000
595
799
596
1002
395
192
598
598
1004
599
599
803
194
194
398
399
399
196
1009
603
197
604
605
402
1012
1012
607
404
811
202
0 0