---code---
//uva11349
#include <iostream>
#include <vector>
using namespace std;

int main() {
	int t, n, half, symmetric;
	vector< vector<long long> > a( 101, vector<long long>(101) );
	scanf("%d", &t);

	for (int k = 1; k <= t; ++k) {
		symmetric = 1;
		scanf("\nN = %d", &n);
		for (int i = 0; i < n; ++i) {
			for (int j = 0; j < n; ++j) {
				scanf("%lld", &a[i][j]);
				if (a[i][j] < 0)
					symmetric = 0;
			}
		}

		half = n / 2 + 1;
		for (int i = 0; i < half; ++i) {
			if (symmetric == 0)
				break;

			for (int j = 0; j < n; ++j) {
				if (a[i][j] != a[n - i - 1][n - j - 1]) {
					symmetric = 0;
					break;
				}
			}
		}

		if (symmetric == 1)
			printf("Test #%d: Symmetric.\n", k);
		else
			printf("Test #%d: Non-symmetric.\n", k);
	}

	return 0;
}
---dataAInput---
31
N = 3
5 1 3
2 0 2
3 1 5
N = 3
5 1 3
2 0 2
0 1 5
N = 3
-5 1 3
2 0 2
3 1 -5
N = 3
1 3 1
2 4 2
1 3 1
N = 3
59 69 49
96 96 96
94 69 95
N = 2
2147483647 -1
-1 2147483647
N = 2
4 5
5 4
N = 1
-42
N = 1
2147483648
N = 2
2147483647 2147483649
2147483649 2147483647
N = 2
4294967296 87
87 4294967296
N = 4
1 2 3 4
2 4 6 8
8 6 4 2
4 3 2 1
N = 4
4 4 4 4
4 -3 -3 4
4 -3 -3 4
4 4 4 4
N = 4
3 7 6 3
3 9 1 3
3 1 9 3
3 6 7 3
N = 5
-1 -2 -3 -4 -5
-6 -7 -8 -9 -10
1 1 1 1 1
-10 -9 -8 -7 -6
-5 -4 -3 -2 -1
N = 5
5 1 3 2 99
2 5 2 1 3
16 77 66 78 16
3 1 2 5 2
99 2 3 1 5
N = 5
2 4 8 3 4
6 7 6 7 2
9 3 7 8 7
2 7 9 7 0
0 3 6 4 6
N = 5
6 0 8 3 7
7 7 9 2 4
3 6 2 6 3
4 2 9 7 7
7 3 8 0 6
N = 5
9 3 4 6 5
1 6 6 6 1
5 7 0 8 3
5 6 4 3 9
3 8 0 7 5
N = 5
-2 -7 -4 -7 0
-1 -1 -5 -3 -3
-1 -5 0 -5 -1
-3 -3 -5 -1 -1
0 -7 -4 -7 -2
N = 7
4 77 9 0 9 77 4
5 8 3 6 8 4 0
6 2 2 2 9 7 3
1 7 4 6 4 7 1
3 7 9 2 2 2 6
0 4 8 6 3 8 5
4 77 9 0 9 77 4
N = 9
7 2 6 4 6 9 6 0 8
7 2 8 6 3 1 1 6 3
8 7 0 0 8 8 9 6 7
9 118 0 4 3 4 5 2 0
2 7 6 7 3 7 6 7 2
0 2 5 4 3 4 0 8 9
7 6 9 8 8 0 0 7 8
3 10 1 1 3 6 8 0 7
8 0 6 9 6 4 6 2 7
N = 8
27 11 10 12 33 23 31 34
11 29 13 36 19 12 34 13
35 34 11 26 24 33 32 12
13 34 11 12 17 15 11 24
24 11 15 17 12 11 34 13
12 32 33 24 26 11 34 35
13 34 12 19 36 13 29 11
34 31 23 33 12 10 11 27
N = 11
-1 1 1 -1 1 -1 1 -1 1 1 -1
-1 1 1 -1 1 -1 1 -1 1 1 -1
-1 1 1 -1 1 -1 1 -1 1 1 -1
-1 -1 -1 -1 -1 -1 -1 -1 -1 -1 -1
-1 1 1 -1 1 -1 1 -1 1 1 -1
-1 -1 -1 -1 -1 -1 -1 -1 -1 -1 -1
-1 1 1 -1 1 -1 1 -1 1 1 -1
-1 -1 -1 -1 -1 -1 -1 -1 -1 -1 -1
-1 1 1 -1 1 -1 1 -1 1 1 -1
-1 1 1 -1 1 -1 1 -1 1 1 -1
-1 1 1 -1 1 -1 1 -1 1 1 -1
N = 8
34 24 28 38 16 16 35 23
11 22 36 30 31 28 16 35
34 24 28 38 16 16 35 23
31 28 32 38 23 16 16 27
23 35 16 16 38 28 24 34
35 35 19 20 17 26 18 24
24 18 26 17 20 19 35 35
27 16 16 23 38 32 28 31
N = 10
6 19 28 3 28 12 27 25 23 20
24 10 6 27 13 13 15 28 1 17
19 21 25 27 17 2 16 21 9 25
1 24 0 9 1 29 21 0 21 17
2 8 5 14 18 5 12 10 28 6
6 28 10 12 5 18 14 5 8 2
17 21 0 21 29 1 9 0 24 1
25 9 21 16 2 17 27 25 21 19
17 1 28 15 13 13 27 6 10 24
20 23 25 27 12 28 3 28 19 6
N = 12
42 79 11 33 84 56 41 69 38 75 11 80
41 39 75 25 54 22 71 44 15 66 26 68
43 66 46 59 17 26 17 79 39 66 22 38
211 354 414 583 665 762 821 958 1061 1164 1281 134
51 36 89 25 45 55 18 61 77 51 63 24
36 45 41 77 82 64 45 81 47 89 22 28
28 22 89 47 81 45 64 82 77 41 45 36
24 63 51 77 61 18 55 45 25 89 36 51
134 1281 1164 1061 958 821 762 665 583 414 354 211
38 22 66 39 79 17 26 17 59 46 66 43
68 26 66 15 44 71 22 54 25 75 39 41
80 11 75 38 69 41 56 84 33 11 79 42
N = 15
89 32 57 41 74 61 76 71 12 75 83 78 66 58 70
31 58 69 46 14 45 46 74 11 76 25 61 14 41 61
59 24 69 87 68 24 89 49 17 11 56 67 78 87 67
72 39 89 45 53 23 62 82 21 45 63 66 40 64 32
67 45 70 58 38 13 32 86 41 74 89 45 78 40 31
79 43 10 34 16 50 15 12 89 82 46 80 77 15 64
70 11 62 29 22 68 85 58 20 61 33 49 45 86 56
80 80 76 80 54 14 44 32 44 14 54 80 76 80 80
56 86 45 49 33 61 20 58 85 68 22 29 62 11 70
64 15 77 80 46 82 89 12 15 50 16 34 10 43 79
31 40 78 45 89 74 41 86 32 13 38 58 70 45 67
32 64 40 66 63 45 21 82 62 23 53 45 89 39 72
67 87 78 67 56 11 17 49 89 24 68 87 69 24 59
61 41 14 61 25 76 11 74 46 45 14 46 69 58 31
70 58 66 78 83 75 12 71 76 61 74 41 57 32 89
N = 20
9 -2 5 -17 7 9 12 5 4 14 15 15 17 12 -9 17 9 17 15 4
16 3 15 2 10 12 16 11 12 6 3 9 7 8 11 4 18 -15 1 10
14 0 2 7 4 16 16 3 19 9 7 17 6 12 9 7 11 19 12 13
13 17 11 7 14 3 3 15 1 5 10 18 15 -13 18 9 16 19 -11 6
1 6 9 4 -15 18 4 8 -19 13 17 -5 15 14 15 15 6 0 9 7
8 8 5 17 15 2 17 9 7 9 -13 7 1 4 14 15 1 19 17 4
9 18 -18 16 19 17 14 19 7 5 6 15 14 14 10 8 6 14 13 17
15 4 11 18 5 15 0 2 14 12 3 12 10 18 11 10 5 19 12 18
9 4 9 4 0 13 7 7 0 12 6 6 9 13 8 14 6 11 2 -7
11 10 14 7 14 14 16 6 5 10 -5 6 3 16 10 13 6 3 10 5
5 10 3 -6 13 10 16 3 6 5 10 5 6 16 -14 14 7 14 10 11
7 2 11 6 14 8 13 -9 6 6 12 0 7 7 13 0 4 9 4 9
18 12 19 5 10 11 18 10 12 3 12 14 2 0 15 5 18 11 4 15
17 13 14 6 8 10 14 14 15 6 5 7 -19 14 17 19 16 18 18 9
4 17 -19 1 15 14 4 1 7 13 9 7 9 17 2 15 17 5 8 8
7 9 0 6 15 15 14 15 5 17 13 19 8 4 18 -15 4 9 6 1
6 11 19 16 9 18 13 15 18 -10 5 1 15 3 -3 14 7 11 17 13
13 -12 19 -11 7 9 12 6 17 7 9 19 3 16 16 4 7 2 0 14
10 1 15 18 4 11 8 7 9 3 6 12 11 16 12 10 2 15 3 16
4 15 -17 9 17 9 12 17 15 15 14 4 -5 12 9 7 17 5 -2 9
N = 20
0 4 3 1 2 4 7 2 6 3 8 6 2 1 3 9 8 7 1 0
6 0 4 7 6 3 5 1 5 0 7 7 7 5 1 4 2 1 5 3
1 6 2 3 6 6 8 3 5 9 5 1 3 8 3 9 5 5 4 7
4 6 2 6 6 9 3 9 3 7 3 8 6 9 6 3 1 4 7 5
5 5 5 5 1 4 3 2 0 8 7 6 5 3 0 8 0 8 6 5
2 8 8 3 2 1 2 4 3 8 0 6 2 8 7 8 4 7 5 2
6 1 0 8 3 3 2 5 6 7 6 4 6 7 1 7 2 2 8 0
5 9 0 2 3 1 6 1 9 0 3 4 6 1 9 4 0 1 9 6
9 4 1 7 4 8 2 4 6 5 7 9 6 6 1 2 9 7 1 5
1 2 7 0 1 4 9 9 7 7 8 7 3 1 6 1 8 0 1 0
0 1 0 8 1 6 1 3 7 8 7 7 9 9 4 1 0 7 2 1
5 1 7 9 2 1 6 6 9 7 5 6 4 2 8 4 7 1 4 9
6 9 1 0 4 9 1 6 4 3 0 9 1 6 1 3 2 0 9 5
0 8 2 2 7 1 7 6 4 6 7 6 5 2 3 3 8 0 1 6
2 5 7 4 8 7 8 2 6 0 8 3 4 2 1 2 3 8 8 2
5 6 8 0 8 0 3 5 6 7 8 0 2 3 4 1 5 5 5 5
5 7 4 1 3 6 9 6 8 3 7 3 9 3 9 6 6 2 6 4
7 4 5 5 9 3 8 3 1 5 9 5 3 8 6 6 3 2 6 1
3 5 1 2 4 1 5 7 7 7 0 5 1 5 3 6 7 4 0 6
0 1 7 8 9 3 1 2 6 8 3 6 2 7 4 2 1 3 4 0
N = 50
10 13 28 0 15 13 8 9 0 7 27 3 24 11 27 16 26 23 3 22 15 2 9 1 22 3 28 7 29 28 17 9 13 4 10 23 9 9 18 0 2 14 4 27 18 15 16 4 29 23
7 19 6 19 16 2 20 22 14 16 5 29 28 3 5 11 0 10 15 23 14 11 21 24 29 29 3 13 24 28 23 24 11 24 6 12 23 16 8 5 27 22 3 21 19 10 18 4 3 22
4 23 7 12 1 12 19 2 9 24 3 2 25 1 17 25 12 3 15 15 23 10 26 29 7 1 24 8 27 23 3 27 18 6 6 15 18 5 25 10 9 26 13 5 23 21 3 24 21 11
0 11 2 20 3 20 17 4 6 29 3 19 7 0 5 0 19 9 24 8 5 5 16 27 7 28 27 29 19 21 27 9 24 18 26 11 16 6 27 27 11 9 16 16 10 27 14 24 26 9
29 4 19 25 16 24 26 7 24 18 29 9 6 8 23 23 7 2 23 2 1 9 3 22 6 17 0 21 20 17 28 3 9 15 19 4 14 4 12 11 0 15 24 12 11 19 14 12 25 22
8 7 1 8 7 25 29 24 11 24 11 5 3 10 3 0 22 23 9 26 29 2 5 29 3 19 7 2 19 6 8 2 28 5 15 13 28 4 28 13 2 21 22 28 13 6 14 25 22 25
19 23 29 2 11 6 28 3 16 26 20 6 17 23 4 21 1 24 12 11 13 29 19 17 8 28 15 29 29 24 29 22 21 11 26 13 15 21 15 28 3 8 18 12 8 25 10 13 6 3
3 6 8 11 0 21 25 21 15 15 10 0 2 7 8 4 19 3 16 7 6 20 25 3 13 8 19 13 6 2 23 21 23 15 7 7 0 10 28 12 1 14 25 8 14 2 22 13 9 0
2 23 10 18 22 9 0 12 20 18 2 26 1 29 0 18 27 5 12 16 18 2 26 10 15 16 19 27 25 8 6 6 2 26 12 18 29 2 13 28 26 1 3 14 28 23 17 15 8 26
21 12 15 5 0 21 7 8 17 26 22 20 6 1 17 1 16 11 29 2 18 27 5 14 8 14 0 12 27 13 14 22 27 10 14 20 6 14 8 23 9 9 18 14 20 0 13 17 8 21
10 5 14 7 21 7 3 13 4 16 12 8 23 12 16 25 2 17 18 15 6 1 21 6 8 29 18 7 7 7 10 21 14 12 7 12 28 8 10 9 1 24 16 4 10 17 2 7 1 28
16 11 7 9 17 23 2 14 4 19 7 26 25 15 28 27 20 22 13 3 11 23 10 26 8 23 10 4 23 21 29 28 27 21 7 4 27 21 18 19 11 11 0 16 11 11 3 5 19 3
11 9 0 29 19 9 6 7 26 2 28 12 9 6 21 4 6 1 24 16 14 13 9 9 29 22 10 17 6 18 12 13 15 12 12 0 24 10 2 4 16 9 7 4 24 6 12 3 2 17
17 12 24 17 1 9 26 3 11 2 23 16 4 8 5 19 0 10 7 25 9 28 20 8 22 6 11 7 7 14 25 7 6 13 9 24 15 28 28 28 15 28 25 24 23 28 19 11 10 7
18 15 1 11 11 13 13 10 6 9 17 10 7 12 17 5 0 16 9 3 24 10 22 16 25 9 23 3 6 11 26 17 1 6 6 1 4 23 21 15 5 10 8 26 10 26 28 12 14 5
6 10 18 5 18 5 29 27 25 8 17 22 13 14 8 21 15 19 29 16 28 15 0 29 14 4 9 20 8 24 26 9 20 28 22 21 28 7 14 20 25 5 6 15 27 7 23 4 15 1
5 5 16 22 11 21 25 13 11 26 21 10 4 8 15 1 25 13 20 14 4 25 1 29 2 9 4 18 22 22 1 19 19 5 6 26 16 21 19 13 29 12 15 13 2 9 8 17 20 19
20 20 14 14 10 11 24 5 9 14 12 28 18 21 18 10 21 21 21 6 9 18 29 15 11 25 4 29 10 10 18 14 28 21 29 0 4 26 24 0 20 9 4 29 5 15 20 25 25 9
12 20 14 22 15 26 12 19 17 24 12 12 26 9 19 23 9 10 26 15 29 12 12 12 11 24 27 7 9 14 20 18 5 1 28 21 22 9 20 3 2 1 26 29 22 9 4 26 28 5
2 22 26 6 13 23 27 28 29 15 18 16 9 3 15 18 3 14 21 12 17 23 16 22 28 8 28 25 0 3 23 26 6 0 9 9 21 12 4 2 20 6 28 17 28 24 3 17 19 29
7 10 14 9 25 23 14 9 21 10 16 2 0 20 3 10 11 2 21 21 11 8 8 16 10 2 7 19 12 29 21 17 10 7 27 4 19 12 28 7 6 0 21 9 11 14 19 4 17 4
15 25 5 29 19 1 18 18 14 14 16 23 18 13 24 14 16 16 15 14 15 1 3 28 6 8 10 16 5 9 19 13 19 0 23 22 3 17 17 6 2 19 22 0 18 15 19 14 29 10
16 7 9 5 9 18 28 27 4 7 13 11 17 24 22 1 14 16 25 24 27 21 6 12 14 13 1 25 15 10 21 14 22 12 22 23 5 21 0 2 3 4 25 26 2 5 21 27 28 14
16 14 20 13 20 15 22 12 23 7 4 9 27 13 14 7 24 5 23 21 20 25 22 10 20 15 25 15 0 12 27 29 6 5 24 13 12 2 16 18 5 29 14 14 13 23 19 11 14 13
14 15 2 6 2 6 22 12 23 28 3 22 16 6 3 15 14 9 8 7 13 19 15 22 25 10 9 2 1 27 10 10 23 26 23 20 24 25 19 4 6 5 24 25 16 27 17 6 2 4
4 2 6 17 27 16 25 24 5 6 4 19 25 24 20 23 26 23 10 10 27 1 2 9 10 25 22 15 19 13 7 8 9 14 15 3 6 16 22 3 28 23 12 22 6 2 6 2 15 14
13 14 11 19 23 13 14 14 29 5 18 16 2 12 13 24 5 6 29 27 12 0 15 25 15 20 10 22 25 20 21 23 5 24 7 14 13 27 9 4 7 23 12 22 15 20 13 20 14 16
14 28 27 21 5 2 26 25 4 3 2 0 21 5 23 22 12 22 14 21 10 15 25 1 13 14 12 6 21 27 24 25 16 14 1 22 24 17 11 13 7 4 27 28 18 9 5 9 7 16
10 29 14 19 15 18 0 22 19 2 6 17 17 3 22 23 0 19 13 19 9 5 16 10 8 6 28 3 1 15 14 15 16 16 14 24 13 18 23 16 14 14 18 18 1 19 29 5 25 15
4 17 4 19 14 11 9 21 0 6 7 28 12 19 4 27 7 10 17 21 29 12 19 7 2 10 16 8 8 11 21 21 2 11 10 3 20 0 2 16 10 21 9 14 23 25 9 14 10 7
29 19 17 3 24 28 17 28 6 20 2 4 12 21 9 9 0 6 26 23 3 0 25 28 8 28 22 16 23 17 12 21 14 3 18 15 3 9 16 18 15 29 28 27 23 13 6 26 22 2
5 28 26 4 9 22 29 26 1 2 3 20 9 22 21 28 1 5 18 20 14 9 7 27 24 11 12 12 12 29 15 26 10 9 23 19 9 26 12 12 24 17 19 12 26 15 22 14 20 12
9 25 25 20 15 5 29 4 9 20 0 24 26 4 0 29 21 28 14 18 10 10 29 4 25 11 15 29 18 9 6 21 21 21 10 18 21 18 28 12 14 9 5 24 11 10 14 14 20 20
19 20 17 8 9 2 13 15 12 29 13 19 21 16 26 6 5 19 19 1 22 22 18 4 9 2 29 1 25 4 14 20 13 25 1 15 8 4 10 21 26 11 13 25 21 11 22 16 5 5
1 15 4 23 7 27 15 6 5 25 20 14 7 28 21 22 28 20 9 26 24 8 20 9 4 14 29 0 15 28 16 29 19 15 21 8 14 13 22 17 8 25 27 29 5 18 5 18 10 6
5 14 12 28 26 10 26 8 10 5 15 21 23 4 1 6 6 1 17 26 11 6 3 23 9 25 16 22 10 24 3 9 16 0 5 17 12 7 10 17 9 6 10 13 13 11 11 1 15 18
7 10 11 19 28 23 24 25 28 15 28 28 28 15 24 9 13 6 7 25 14 7 7 11 6 22 8 20 28 9 25 7 10 0 19 5 8 4 16 23 2 11 3 26 9 1 17 24 12 17
17 2 3 12 6 24 4 7 9 16 4 2 10 24 0 12 12 15 13 12 18 6 17 10 22 29 9 9 13 14 16 24 1 6 4 21 6 9 12 28 2 26 7 6 9 19 29 0 9 11
3 19 5 3 11 11 16 0 11 11 19 18 21 27 4 7 21 27 28 29 21 23 4 10 23 8 26 10 23 11 3 13 22 20 27 28 15 25 26 7 19 4 14 2 23 17 9 7 11 16
28 1 7 2 17 10 4 16 24 1 9 10 8 28 12 7 12 14 21 10 7 7 7 18 29 8 6 21 1 6 15 18 17 2 25 16 12 23 8 12 16 4 13 3 7 21 7 14 5 10
21 8 17 13 0 20 14 18 9 9 23 8 14 6 20 14 10 27 22 14 13 27 12 0 14 8 14 5 27 18 2 29 11 16 1 17 1 6 20 22 26 17 8 7 21 0 5 15 12 21
26 8 15 17 23 28 14 3 1 26 28 13 2 29 18 12 26 2 6 6 8 25 27 19 16 15 10 26 2 18 16 12 5 27 18 0 29 1 26 2 18 20 12 0 9 22 18 10 23 2
0 9 13 22 2 14 8 25 14 1 12 28 10 0 7 7 15 23 21 23 2 6 13 19 8 13 3 25 20 6 7 16 3 19 4 8 7 2 0 10 15 15 21 25 21 0 11 8 6 3
3 6 13 10 25 8 12 18 8 3 28 15 21 15 13 26 11 21 22 29 24 29 29 15 28 8 17 19 29 13 11 12 24 1 21 4 23 17 6 20 26 16 3 28 6 11 2 29 23 19
25 22 25 14 6 13 28 22 21 2 13 28 4 28 13 15 5 28 2 8 6 19 2 7 19 3 29 5 2 29 26 9 23 22 0 3 10 3 5 11 24 11 24 29 25 7 8 1 7 8
22 25 12 14 19 11 12 24 15 0 11 12 4 14 4 19 15 9 3 28 17 20 21 0 17 6 22 3 9 1 2 23 2 7 23 23 8 6 9 29 18 24 7 26 24 16 25 19 4 29
9 26 24 14 27 10 16 16 9 11 27 27 6 16 11 26 18 24 9 27 21 19 29 27 28 7 27 16 5 5 8 24 9 19 0 5 0 7 19 3 29 6 4 17 20 3 20 2 11 0
11 21 24 3 21 23 5 13 26 9 10 25 5 18 15 6 6 18 27 3 23 27 8 24 1 7 29 26 10 23 15 15 3 12 25 17 1 25 2 3 24 9 2 19 12 1 12 7 23 4
22 3 4 18 10 19 21 3 22 27 5 8 16 23 12 6 24 11 24 23 28 24 13 3 29 29 24 21 11 14 23 15 10 0 11 5 3 28 29 5 16 14 22 20 2 16 19 6 19 7
23 29 4 16 15 18 27 4 14 2 0 18 9 9 23 10 4 13 9 17 28 29 7 28 3 22 1 9 2 15 22 3 23 26 16 27 11 24 3 27 7 0 9 8 13 15 0 28 13 10
---dataAOutput---
Test #1: Symmetric.
Test #2: Non-symmetric.
Test #3: Non-symmetric.
Test #4: Symmetric.
Test #5: Non-symmetric.
Test #6: Non-symmetric.
Test #7: Symmetric.
Test #8: Non-symmetric.
Test #9: Symmetric.
Test #10: Symmetric.
Test #11: Symmetric.
Test #12: Symmetric.
Test #13: Non-symmetric.
Test #14: Symmetric.
Test #15: Non-symmetric.
Test #16: Non-symmetric.
Test #17: Non-symmetric.
Test #18: Symmetric.
Test #19: Non-symmetric.
Test #20: Non-symmetric.
Test #21: Symmetric.
Test #22: Non-symmetric.
Test #23: Symmetric.
Test #24: Non-symmetric.
Test #25: Non-symmetric.
Test #26: Symmetric.
Test #27: Symmetric.
Test #28: Symmetric.
Test #29: Non-symmetric.
Test #30: Symmetric.
Test #31: Symmetric.
---dataBInput---
31
N = 1
-1
N = 1
56
N = 1
0
N = 1
2147483648
N = 2
49 97
97 49
N = 2
-1 1
1 -1
N = 2
2147483647 2147483649
2147483649 2147483647
N = 3
5 4 3
2 -5 2
3 4 5
N = 3
23 86 97
14 73 41
35 52 67
N = 3
7 -9 -5
0 6 5
-5 -9 7
N = 3
5 1 3
2 5 2
1 2 99
N = 4
4294967296 87 1 3
2 47 2 73
73 2 47 2
3 1 87 4294967296
N = 4
3 2 0 3
1 1 2 9
9 2 1 1
3 0 2 3
N = 5
7 8 1 8 1
3 6 7 2 5
4 3 1 3 4
5 2 7 6 3
1 8 1 8 7
N = 5
0 0 3 2 -9
2 5 2 1 3
777 77 66 78 777
3 1 2 5 2
99 2 3 1 5
N = 5
4 1 3 2 99
2 5 2 1 2
987 77 66 77 987
2 1 2 5 2
99 2 3 1 4
N = 5
-4 1 -3 2 -99
-3 5 -2 5 -3
-744 34 -1 34 -744
-3 5 -2 5 -3
-99 2 -3 1 -4
N = 5
6 9 0 6 0
3 4 4 5 3
5 4 6 4 5
3 5 4 4 3
0 6 0 9 6
N = 5
4294967296 67296 294967296 94967296 4294967296
67296 294967296 29409607296 7096724 88294967296
967296 2941967296 4294967293 4294967296 4294967296
429496 1429296 4294967296 4294967 4294967296
7296 4294967296 4294967296 4294967296 67296
N = 6
2 0 5 4 9 1
3 3 5 8 3 6
8 7 0 5 8 0
0 8 5 0 7 8
6 3 8 5 3 3
1 9 4 5 0 2
N = 7
1 9 2 3 5 4 2
2 9 9 9 3 8 8
6 7 0 5 1 6 8
4 8 0 0 7 6 3
8 3 9 9 9 5 1
8 9 6 2 9 9 2
8 6 3 4 1 3 8
N = 8
6 4 0 9 6 0 2 2
4 7 1 4 8 8 2 6
7 3 3 5 0 3 4 9
8 5 8 9 8 2 3 1
1 3 2 8 9 8 5 8
9 4 3 0 5 3 3 7
6 2 8 8 4 1 7 4
2 2 0 6 9 0 4 6
N = 10
1 2 3 4 5 6 7 8 9 10
11 12 13 14 15 16 17 18 19 20
21 22 23 24 25 26 27 28 29 30
31 32 33 34 35 36 37 38 39 40
41 42 43 44 45 46 47 48 49 50
51 52 53 54 55 56 57 58 59 60
61 62 63 64 65 66 67 68 69 70
71 72 73 74 75 76 77 78 79 80
81 82 83 84 85 86 87 88 89 90
91 92 93 94 95 96 97 98 99 100
N = 11
0 0 6 0 2 1 1 0 0 0 9
0 0 0 0 0 2 5 4 0 0 3
0 0 8 0 6 0 4 6 0 2 0
0 9 0 0 8 0 4 2 0 2 7
0 0 0 0 6 8 0 0 0 0 0
3 8 1 0 7 0 0 7 0 0 3
0 8 0 1 7 8 6 8 0 0 0
7 2 0 0 0 0 0 9 9 9 2
3 2 3 0 4 8 0 6 8 8 0
3 3 0 0 5 0 0 0 4 3 8
9 2 0 6 1 0 0 0 6 9 0
N = 12
3 8 0 0 0 0 1 0 7 3 0 0
8 0 0 0 0 0 1 9 2 0 9 5
0 3 0 9 2 4 0 1 7 0 2 0
8 6 0 0 6 0 0 0 5 0 1 3
0 8 4 0 2 0 5 0 6 0 0 0
0 8 0 0 4 0 0 0 0 7 0 1
2 3 8 0 0 8 4 0 0 7 9 0
7 4 0 0 0 0 0 0 4 8 0 0
4 0 2 8 9 0 4 0 0 0 0 0
0 0 8 6 0 0 0 1 0 2 0 4
0 5 0 3 8 0 0 0 0 8 0 9
0 0 2 0 3 0 0 0 9 7 0 1
N = 13
5 2 2 4 9 2 0 4 9 8 4 3 6
7 9 9 8 0 1 3 0 8 4 6 2 2
0 9 5 9 3 2 2 9 0 0 7 2 0
2 2 7 8 8 7 2 3 6 8 5 7 4
9 0 2 4 9 3 6 2 9 0 8 6 1
1 7 2 3 1 1 7 2 5 9 2 0 3
7 4 7 1 9 6 3 6 9 1 7 4 7
3 0 2 9 5 2 7 1 1 3 2 7 1
1 6 8 0 9 2 6 3 9 4 2 0 9
4 7 5 8 6 3 2 7 8 8 7 2 2
0 2 7 0 0 9 2 2 3 9 5 9 0
2 2 6 4 8 0 3 1 0 8 9 9 7
6 3 4 8 9 4 0 2 9 4 2 2 5
N = 16
3 5 3 8 5 3 4 9 2 6 7 6 2 9 9 7
0 1 2 5 6 7 9 5 7 9 1 8 0 0 2 4
3 4 7 2 2 6 2 7 2 7 3 7 2 0 6 0
0 5 1 1 1 9 2 9 0 1 3 5 6 8 1 0
2 6 9 7 2 1 2 8 9 7 9 5 4 8 3 0
9 1 9 5 6 0 3 6 6 3 8 1 7 2 6 0
9 1 7 5 8 7 0 6 2 4 9 3 9 6 6 3
6 9 8 4 1 9 1 8 6 4 4 4 7 8 3 6
6 3 8 7 4 4 4 6 8 1 9 1 4 8 9 6
3 6 6 9 3 9 4 2 6 0 7 8 5 7 1 9
0 6 2 7 1 8 3 6 6 3 0 6 5 9 1 9
0 3 8 4 5 9 7 9 8 2 1 2 7 9 6 2
0 1 8 6 5 3 1 0 9 2 9 1 1 1 5 0
0 6 0 2 7 3 7 2 7 2 6 2 2 7 4 3
4 2 0 0 8 1 9 7 5 9 7 6 5 2 1 0
7 9 9 2 6 7 6 2 9 4 3 5 8 3 5 3
N = 18
0 8 2 0 0 0 3 0 0 6 9 0 7 4 0 8 8 7
3 0 8 7 0 0 0 0 7 1 5 3 0 0 0 0 0 5
4 6 0 0 1 7 4 0 9 0 0 0 6 7 7 0 0 4
7 0 7 1 7 5 0 6 0 0 8 0 0 0 2 0 0 8
3 0 0 6 0 0 0 0 1 8 0 0 0 8 0 0 0 9
4 2 9 2 0 2 0 0 3 0 0 0 9 0 0 0 0 6
0 0 5 0 9 0 5 5 0 0 0 4 0 0 0 0 0 0
0 0 7 0 3 5 0 7 0 0 0 0 9 0 0 6 0 0
0 0 0 0 7 0 0 0 0 0 9 1 0 0 6 0 8 0
7 0 2 6 3 0 1 0 2 6 0 3 0 7 9 1 0 5
0 7 6 2 8 9 1 6 0 0 7 0 5 0 0 0 0 0
0 0 0 0 3 0 0 0 3 0 5 0 9 0 5 0 0 0
6 6 5 0 4 9 0 0 5 0 0 1 2 9 0 0 0 4
9 6 5 7 0 5 7 0 8 1 3 4 0 0 6 7 0 0
0 0 0 0 0 0 0 0 0 1 6 6 0 7 0 0 0 7
0 0 3 0 7 6 0 6 2 0 1 0 7 0 0 2 0 0
5 0 5 1 3 0 3 0 1 7 3 4 3 2 7 0 0 0
0 8 8 0 0 0 0 0 6 0 0 0 0 0 0 2 0 0
N = 22
8 0 2 0 8 8 2 2 8 9 5 2 9 5 9 1 2 6 9 0 6 3
1 1 7 6 5 0 9 7 7 9 2 8 9 0 2 4 2 2 5 0 8 2
0 3 7 0 2 3 2 0 8 3 8 5 2 5 6 5 2 1 8 6 9 5
1 4 6 9 0 8 8 4 3 3 6 5 6 3 7 5 0 5 8 7 7 0
7 6 1 5 5 9 4 9 2 1 1 8 5 1 7 8 9 4 7 7 7 6
1 8 8 4 6 8 8 7 8 8 5 1 3 8 3 0 3 8 9 3 3 8
2 4 2 2 3 6 8 2 6 9 9 1 0 2 3 1 5 4 4 3 8 0
8 2 0 5 6 3 3 9 6 1 6 0 3 4 7 0 4 0 4 2 4 7
0 9 2 2 4 0 1 2 3 8 6 2 7 1 9 9 3 5 2 7 7 1
4 3 1 3 2 0 9 8 6 8 6 0 4 7 7 1 5 1 4 4 0 1
6 3 6 2 7 6 5 8 1 8 2 3 2 3 4 0 8 6 9 8 2 1
1 2 8 9 6 8 0 4 3 2 3 2 8 1 8 5 6 7 2 6 3 6
1 0 4 4 1 5 1 7 7 4 0 6 8 6 8 9 0 2 3 1 3 4
1 7 7 2 5 3 9 9 1 7 2 6 8 3 2 1 0 4 2 2 9 0
7 4 2 4 0 4 0 7 4 3 0 6 1 6 9 3 3 6 5 0 2 8
0 8 3 4 4 5 1 3 2 0 1 9 9 6 2 8 6 3 2 2 4 2
8 3 3 9 8 3 0 3 8 3 1 5 8 8 7 8 8 6 4 8 8 1
6 7 7 7 4 9 8 7 1 5 8 1 1 2 9 4 9 5 5 1 6 7
0 7 7 8 5 0 5 7 3 6 5 6 3 3 4 8 8 0 9 6 4 1
5 9 6 8 1 2 5 6 5 2 5 8 3 8 0 2 3 2 0 7 3 0
2 8 0 5 2 2 4 2 0 9 8 2 9 7 7 9 0 5 6 7 1 1
3 6 0 9 6 2 1 9 5 9 2 5 9 8 2 2 8 8 0 2 0 8
N = 23
35 1 11 4 28 27 19 27 15 11 35 14 4 26 1 33 18 10 12 1 3 15 1381922
15 14 26 24 26 39 25 22 15 11 24 39 29 26 15 18 23 17 14 15 36 3 22
163 14 16 28 367 418 14 32 25 23 413 13 20 23 6 3 3 3 39 25 27 39 14
3666 20 30 13 30 26 11 35 39 25 16 28 11 10 31 18 34 3 29 21 34 19 13
329 35 19 28 33 27 38 12 5 36 36 13 12 20 33 14 10 31 22 26 20 19 39
128 33 26 29 27 16 19 29 17 13 29 12 16 25 32 12 36 36 13 34 35 25 6
33 33 15 28 32 6 22 12 38 22 33 38 21 22 2 1 31 20 35 26661 26 1 37
2166 28 22 34 29 32 23 35 14 34 13 22 18 0 14 39 11 10 24 23 28 32 32
17 17 29 27 1 39 37 217 20 25 31 19 34 20 35 34 27 16 10 32 30 21 2
30 22 14 16 33 35 15 1 14 39 10 28 10 29 35 26 15 21 26 29 31 16 15
147 12 36 24 22 32 3 38 28 26 17 10 13 38 23 21 36 33 24 27 29 26 15
260 26 14 32 7 21 135 10 12 0 34 21 34 10 12 10 15 21 37 32 14 26 20
15 26 29 27 24 33 36 21 23 38 1 10 17 26 28 38 39 32 22 24 36 12 14
15 16 31 29 26 1 15 26 35 29 10 28 0 379 14 11 15 35 33 16 14 22 30
24 21 30 32 1 16 27 34 35 20 34 19 31 25 20 17 37 39 21 27 29 17 17
32 32 28 23 24 10 11 39 14 10 18 22 13 34 14 35 23 32 9 34 22 28 21
357 17 26 21 35 0 31 10 22 22 2551 38 33 22 38 12 2 26 32 8 125 33 33
26 25 35 34 13 36 36 12 32 25 16 12 29 13 17 29 19 16 27 9 26 33 28
9 19 20 26 2 31 10 14 33 20 12 13 36 36 30 12 38 27 33 28 19 35 30459
13 19 34 21 29 537 354 18 31 10 11 28 16 25 39 35 11 26 30 3 30 20 36
4 39 27 25 39 30 37 39 26 23 0 1 13 23 5 3456242 14 18 37 28 16 14 16
36522 38 36 15 1 17 23 18 15 26 29 39 24 11 15 22 25 39 26 24 2 14 15
2 15 39 31 12 0 18 313 6 26 324 4 35 11 50 2337 19 27 28 14 161 12 35
N = 55
1 5 2 3 2 1 5 4 0 6 0 9 5 6 3 1 5 1 3 5 3 0 3 2 0 5 2 4 5 7 2 5 3 7 5 7 1 6 0 0 3 7 4 4 7 1 9 3 8 9 6 4 6 7 8
2 1 0 5 6 5 1 7 6 9 2 4 3 5 1 7 6 2 4 3 3 6 0 7 2 7 7 6 3 4 6 5 8 2 3 2 0 2 2 6 8 7 5 4 9 3 5 2 8 3 4 3 4 0 7
0 6 0 6 1 1 6 2 5 3 7 1 9 5 5 7 1 5 5 5 3 8 5 5 8 5 7 4 2 2 3 1 8 5 7 2 4 0 7 5 9 5 4 3 9 9 6 4 9 7 9 9 9 0 8
8 6 1 6 6 5 0 1 7 1 0 0 4 3 5 1 8 9 2 5 2 9 8 1 8 7 3 1 2 0 1 1 6 0 4 0 7 3 2 6 5 6 3 1 2 8 8 1 4 7 8 4 7 3 8
1 1 0 7 5 7 3 5 2 8 0 4 6 5 2 0 2 1 3 1 3 0 0 7 3 1 7 1 3 3 9 9 7 3 3 6 7 2 8 0 7 1 0 1 7 5 4 6 3 4 4 8 9 3 0
0 8 7 1 1 0 3 0 5 2 0 3 0 6 4 3 4 9 0 1 8 9 7 2 8 1 4 7 3 0 4 2 7 9 5 0 6 1 7 6 6 3 8 9 2 7 0 5 9 1 8 0 6 8 3
4 0 8 4 9 4 6 5 6 9 2 9 9 3 9 2 3 8 0 4 6 2 1 9 8 5 2 4 7 5 5 7 0 2 2 1 0 5 9 5 3 6 3 4 2 2 1 6 7 8 5 4 3 8 8
8 9 7 8 3 8 0 7 2 7 7 9 8 4 7 0 6 7 5 5 9 3 9 2 9 5 0 7 9 8 1 6 8 7 9 5 0 5 9 5 2 1 9 7 0 0 2 4 7 0 2 3 7 5 0
0 0 9 5 1 6 7 1 4 2 5 6 7 9 5 4 2 5 3 0 3 0 7 5 8 8 6 2 0 1 6 7 4 0 1 8 7 3 0 3 1 7 3 1 2 5 2 5 8 6 5 8 2 9 5
8 2 4 6 7 9 4 6 6 4 3 3 1 4 4 6 6 1 6 1 8 8 8 0 6 9 7 9 3 8 9 0 6 9 6 7 5 0 9 4 9 2 5 3 6 7 9 4 2 5 7 1 1 7 0
4 1 0 3 4 1 0 7 1 9 4 2 9 9 1 5 4 2 8 3 2 8 2 6 2 2 8 5 4 5 7 0 3 9 4 9 4 4 9 2 2 1 5 5 2 1 7 2 3 9 7 3 5 8 6
4 0 5 4 1 3 9 2 1 7 2 4 1 9 9 9 5 9 4 6 1 4 8 9 1 5 3 5 6 7 0 0 0 0 4 0 6 9 3 1 7 0 7 4 4 2 2 5 1 1 2 0 9 4 6
4 7 0 6 4 5 4 5 6 2 1 2 1 9 6 2 5 9 3 1 4 4 5 4 9 5 4 4 2 7 8 4 4 9 1 4 5 9 8 7 2 3 4 3 9 1 5 8 3 9 6 8 8 4 2
6 0 2 4 5 6 8 8 0 1 2 8 1 5 5 8 6 5 9 0 4 1 5 2 9 5 8 5 0 6 8 6 8 7 0 4 9 2 9 1 6 7 1 9 7 0 6 8 6 8 4 0 3 8 5
7 9 5 8 8 7 8 3 3 6 6 8 4 1 4 3 5 6 4 1 7 8 3 5 6 1 2 2 5 8 2 0 7 0 8 4 2 1 4 6 0 4 6 0 7 1 2 5 5 6 2 8 6 8 4
0 5 9 9 1 8 1 5 3 4 8 7 5 6 7 6 4 9 0 4 8 5 7 7 4 8 9 3 9 0 6 8 6 7 2 4 6 0 6 4 9 4 0 7 0 9 9 8 6 0 3 4 9 0 9
4 5 1 2 7 6 0 8 6 7 3 7 4 5 4 5 4 1 9 4 0 2 8 5 3 7 0 1 5 6 7 1 7 6 2 7 4 5 3 8 8 5 7 8 1 7 4 4 8 0 8 1 9 9 4
4 8 0 1 6 9 7 4 6 8 8 7 5 9 9 1 4 1 5 3 5 6 9 2 1 4 9 2 2 7 2 8 4 0 9 2 2 3 8 9 2 9 6 6 6 5 3 2 2 2 0 0 2 7 9
2 7 7 0 1 9 4 5 5 1 3 7 9 3 2 8 3 0 3 1 7 4 7 9 8 6 4 4 4 5 3 5 7 6 8 8 9 0 9 2 0 3 1 1 4 5 8 1 2 7 0 6 0 7 3
5 5 4 3 1 9 0 5 9 2 7 3 5 2 6 8 0 9 9 1 2 6 8 2 2 8 7 0 0 9 9 1 8 7 2 7 2 8 7 7 7 1 1 5 8 7 0 5 6 8 1 4 3 3 0
4 3 6 4 6 6 8 1 6 4 4 3 5 7 6 9 0 4 8 2 2 5 1 8 1 1 0 3 4 7 9 1 9 2 1 0 7 8 5 1 3 4 7 3 8 3 9 9 8 9 1 6 5 7 1
1 0 2 6 0 6 3 5 8 0 6 9 5 9 9 1 2 0 3 7 9 2 8 9 1 2 6 9 4 6 3 6 3 2 1 1 6 7 0 5 9 2 8 6 8 4 1 3 7 0 2 9 6 4 0
4 2 1 4 5 3 2 7 1 8 1 6 1 1 2 7 9 1 3 8 7 2 9 4 6 0 6 4 1 6 7 3 8 4 7 3 2 7 2 0 7 2 2 3 4 1 3 6 4 7 9 4 6 5 2
7 8 1 6 4 7 9 9 1 8 1 1 1 3 7 6 4 1 9 2 5 8 0 8 6 0 8 0 7 5 8 1 3 1 2 9 7 0 6 9 9 7 5 6 0 9 9 9 2 2 1 7 8 9 9
0 0 4 9 4 1 4 5 2 6 6 7 8 1 1 4 8 0 7 4 0 0 7 7 8 2 8 6 4 4 7 3 6 7 9 2 3 3 4 0 6 6 7 5 7 9 8 7 4 8 2 5 5 2 0
1 4 3 3 8 8 7 0 4 5 6 0 8 0 2 3 7 8 6 0 9 7 9 1 8 4 8 0 8 1 0 9 7 7 6 0 1 1 2 9 3 5 7 1 2 8 7 7 6 6 4 6 5 9 0
6 3 6 6 4 2 5 5 2 9 5 6 5 6 0 5 9 8 9 3 7 4 2 5 3 5 6 5 0 8 3 2 7 8 7 8 9 4 3 4 5 8 7 0 4 3 7 1 2 7 7 2 3 9 4
8 2 5 4 9 0 2 9 1 5 5 4 4 7 2 9 7 9 8 2 4 2 0 7 2 8 4 2 4 8 2 7 0 2 4 2 8 9 7 9 2 7 4 4 5 5 1 9 2 0 9 4 5 2 8
4 9 3 2 7 7 2 1 7 3 4 0 7 8 5 4 3 4 9 8 7 8 7 2 3 8 0 5 6 5 3 5 2 4 7 3 9 8 9 5 0 6 5 6 5 9 2 5 5 2 4 6 6 3 6
0 9 5 6 4 6 6 7 7 8 2 1 7 5 3 9 2 1 1 0 6 7 7 9 0 1 8 0 8 4 8 1 9 7 9 0 6 8 7 3 2 0 8 0 6 5 4 0 7 8 8 3 3 4 1
0 2 5 5 2 8 4 7 8 9 7 5 7 6 6 0 4 3 3 2 9 7 6 3 7 4 4 6 8 2 8 7 7 0 0 4 7 0 8 4 1 1 8 7 6 6 2 5 4 1 4 9 4 0 0
9 9 8 7 1 2 2 9 9 9 0 6 5 7 9 9 6 0 7 9 2 1 3 1 8 5 7 0 8 0 6 8 0 8 5 2 9 1 4 6 7 3 1 1 1 8 1 9 9 7 4 6 1 8 7
2 5 6 4 9 7 4 6 3 1 4 3 2 2 7 0 2 7 2 3 7 4 8 3 7 6 1 4 6 0 6 4 9 2 7 8 3 1 9 7 2 1 1 6 1 8 1 7 2 3 5 4 1 2 4
0 4 6 9 2 0 7 3 1 4 8 6 8 2 9 5 0 7 6 1 1 2 3 6 3 6 4 9 6 2 1 9 8 2 9 7 3 0 2 1 9 9 5 9 6 0 8 5 3 6 0 6 2 0 1
1 7 5 6 1 9 8 9 9 3 8 3 7 4 3 1 5 8 7 0 1 2 9 1 9 7 4 3 0 1 1 8 1 5 2 2 8 4 0 9 6 7 5 3 4 4 6 1 8 6 6 4 6 3 4
0 3 3 4 1 8 6 5 0 7 8 5 1 1 7 7 7 8 2 7 2 7 8 1 9 9 0 0 7 8 2 2 8 6 2 1 9 9 0 8 6 2 5 3 7 2 9 5 0 9 1 3 4 5 5
3 7 0 6 0 7 2 1 8 5 4 1 1 3 0 2 9 0 9 8 8 6 7 5 3 5 4 4 4 6 8 9 7 4 7 1 3 0 3 8 2 3 9 7 3 1 5 5 4 9 1 0 7 7 2
9 7 2 0 0 2 2 2 3 5 6 6 6 9 2 9 8 3 2 2 9 0 4 8 2 7 2 2 9 4 1 2 9 6 5 3 5 1 4 1 9 9 5 7 8 8 6 4 7 9 6 1 0 8 4
4 9 9 1 8 0 8 4 4 7 1 8 7 5 8 8 3 5 4 7 2 6 7 1 7 6 5 1 0 7 3 5 8 2 0 4 9 1 4 5 4 5 4 7 3 7 6 8 0 6 7 2 1 5 4
9 0 9 4 3 0 6 8 9 9 0 7 0 4 9 4 6 0 6 4 2 7 6 8 6 0 9 3 9 8 4 7 7 5 8 4 0 9 4 6 7 6 5 7 8 4 3 5 1 8 1 9 9 5 0
4 8 6 8 2 6 5 5 2 1 7 0 6 4 0 6 4 1 2 4 8 0 7 0 2 8 5 2 2 1 6 5 3 8 7 1 4 6 5 3 4 1 4 8 6 6 3 3 8 7 8 8 5 9 7
5 8 3 0 4 8 6 8 6 0 7 9 1 7 6 1 9 2 9 4 0 7 8 6 8 6 0 5 8 5 9 2 5 1 4 0 9 5 6 8 5 5 1 8 2 1 0 8 8 6 5 4 2 0 6
2 4 8 8 6 9 3 8 5 1 9 3 4 3 2 7 8 9 5 4 1 9 4 4 8 7 2 4 4 5 9 4 5 4 4 1 3 9 5 2 6 9 1 2 1 2 6 5 4 5 4 6 0 7 4
6 4 9 0 2 1 1 5 2 2 4 4 7 0 7 1 3 9 6 0 4 0 0 0 0 7 6 5 3 5 1 9 8 4 1 6 4 9 5 9 9 9 1 4 2 7 1 2 9 3 1 4 5 0 4
6 8 5 3 7 9 3 2 7 1 2 5 5 1 2 2 9 4 4 9 4 9 3 0 7 5 4 5 8 2 2 6 2 8 2 3 8 2 4 5 1 9 9 2 4 9 1 7 0 1 4 3 0 1 4
0 7 1 1 7 5 2 4 9 7 6 3 5 2 9 4 9 0 5 7 6 9 6 0 9 8 3 9 7 9 6 0 8 8 8 1 6 1 6 6 4 4 1 3 3 4 6 6 4 9 7 6 4 2 8
5 9 2 8 5 6 8 5 2 5 2 1 3 7 1 3 0 3 7 8 1 0 4 7 6 1 0 2 6 8 8 5 7 0 3 0 3 5 2 4 5 9 7 6 5 2 4 1 7 6 1 5 9 0 0
0 5 7 3 2 0 7 4 2 0 0 7 9 1 2 5 9 5 0 5 9 7 8 6 1 8 9 7 0 5 9 2 9 3 9 5 5 7 6 0 7 4 8 9 7 7 2 7 0 8 3 8 7 9 8
8 8 3 4 5 8 7 6 1 2 2 4 3 6 3 5 9 5 0 1 2 2 0 7 5 5 7 4 2 5 8 9 1 2 6 4 0 8 3 2 9 3 9 9 2 9 6 5 6 4 9 4 8 0 4
3 8 6 0 8 1 9 5 0 7 2 9 8 3 6 6 7 1 6 0 5 9 7 2 4 0 3 7 4 1 8 2 7 9 8 1 0 9 4 3 4 6 0 3 0 2 5 0 3 0 1 1 7 8 0
0 3 9 8 4 4 3 6 4 5 7 1 0 1 7 0 8 2 7 6 3 3 7 9 9 3 3 1 7 1 3 7 0 0 3 1 3 1 2 0 2 5 6 4 0 8 2 5 3 7 5 7 0 1 1
8 3 7 4 8 7 4 1 8 8 2 1 3 6 5 6 2 3 7 0 4 0 6 1 1 0 2 1 3 7 8 1 8 9 2 5 2 9 8 1 5 3 4 0 0 1 7 1 0 5 6 6 1 6 8
8 0 9 9 9 7 9 4 6 9 9 3 4 5 9 5 7 0 4 2 7 5 8 1 3 2 2 4 7 5 8 5 5 8 3 5 5 5 1 7 5 5 9 1 7 3 5 2 6 1 1 6 0 6 0
7 0 4 3 4 3 8 2 5 3 9 4 5 7 8 6 2 2 0 2 3 2 8 5 6 4 3 6 7 7 2 7 0 6 3 3 4 2 6 7 1 5 3 4 2 9 6 7 1 5 6 5 0 1 2
8 7 6 4 6 9 8 3 9 1 7 4 4 7 3 0 0 6 1 7 5 7 3 5 2 7 5 4 2 5 0 2 3 0 3 5 3 1 5 1 3 6 5 9 0 6 0 4 5 1 2 3 2 5 1
---dataBOutput---
Test #1: Non-symmetric.
Test #2: Symmetric.
Test #3: Symmetric.
Test #4: Symmetric.
Test #5: Symmetric.
Test #6: Non-symmetric.
Test #7: Symmetric.
Test #8: Non-symmetric.
Test #9: Non-symmetric.
Test #10: Non-symmetric.
Test #11: Non-symmetric.
Test #12: Symmetric.
Test #13: Symmetric.
Test #14: Symmetric.
Test #15: Non-symmetric.
Test #16: Symmetric.
Test #17: Non-symmetric.
Test #18: Symmetric.
Test #19: Non-symmetric.
Test #20: Symmetric.
Test #21: Non-symmetric.
Test #22: Symmetric.
Test #23: Non-symmetric.
Test #24: Non-symmetric.
Test #25: Non-symmetric.
Test #26: Symmetric.
Test #27: Symmetric.
Test #28: Non-symmetric.
Test #29: Symmetric.
Test #30: Non-symmetric.
Test #31: Symmetric.